XcwAaBcVDSkgbiPTYRgeY,$65425.67,12173,89456,75791,72694,67322,87116,88077,15274,12816,86716
zBlkHMRyGqqmuOwrJSP,$78565.55,85043,12685,46245,72160,762,61419,84876,87379,29081,66275
svCfnAmDRXxgvPPNFvM,$49192.79,39493,18021,12990,912,2897,67021,29893,35825,87512,64326
ADscpvtoTzjjPwoKjAlwlVFKRIqAGOfGtWiisB,$56033.85,31831,82658,58892,32069,46825,14834,11416,23219,76820,75337
FaUWaBlfHecQnUR,$41972.98,36332,93182,31926,85642,52074,63895,32467,33560,41964,22338
ESVENsFOEkxInoViFFOzTQjjCuJxRqN,$2164.99,67355,7105,90497,60915,65436,83408,77317,93712,74011,47195
WhUelKgJGmzBNVrtHDBMRyscTPlmrgDO,$72326.94,78414,44947,94421,58074,30616,16326,80966,43702,91692,78754
RKMSWfrqhKgs,$79671.99,77121,68530,2294,1947,99046,18521,82814,9501,76865,28320
HLpAIusYBdFtADr,$78579.92,70443,48348,10730,72291,14147,29151,21857,90200,72668,50077
lkTmTNEsOhxihAYiqAILlSKld,$77103.58,97271,88820,50775,17510,83912,49430,94871,33486,66395,52212
HncPvCPdtqMEbfpLipUntCwjuALFtRIbgkqBnFe,$1565.00,79112,49895,30572,63843,67569,83347,16745,70350,10743,34176
QDtEHAxjycHrfPOxcdxvDprSjsPajuQzXleflco,$56012.82,75671,4314,71350,36365,14463,1409,94184,55108,98838,35450
cbYsBWdfBo,$76395.92,33661,17753,92769,9955,55066,99350,1141,30737,70316,39144
CvSrxKVYmUsn,$69460.66,11359,23303,1333,71471,77617,1646,55876,37138,11501,10942
ECBiVfDOwBYSaKnRXFNQYxqIEaeLfxgJzIrvnu,$98572.97,62844,49576,62682,62650,85078,50183,30441,92051,48706,99678
{Jmcu(EBpFf7WH(:S:38,$98572.97,17615,80417,28592,56316,7103,10516,68474,18680,:!{^!><!@,5520
HJVDCzUpsbVhkk,$85984.74,51847,23145,47300,13238,52802,22020,84946,17686,15321,24483
VUczWBUmUVHBgsPyqODAF,$39491.95,79735,12747,40585,4863,11445,77167,85045,13449,82220,52054
hAJNSamIOqjUBkMuQQYL,$18323.97,85788,26123,74448,34760,78077,77750,84858,11746,26264,56245
CMOQdXLeIyzzOXLu,$85161.52,24994,6805,26282,99342,41465,71012,77092,92975,49410,70008
mhOAYrYkvHJUGXssSzhcA,$50859.92,40035,5476,26588,10044,21349,74457,74350,46317,86673,40057
