AsnysGyUdlXHecAhoFmVeALtATVNMranJnlC,$59744.89,17780,13012,81540,88777,75591,63775,78628,33055,62609,73330
tSjtnEiaVHMgVxI,$80997.54,60088,38524,68049,2431,68952,13429,2138,31561,53411,87133
IlnVPUvmCHRXfAongdPGwsDxAljAblTjwhELcax,$68509.83,57425,6895,66561,67716,32558,60217,34992,70741,13962,40692
oqKw4PD/kX{s>5M#%3@M&/D.23og,$68509.83,36690,81996,:@!!{*@:!,61456,88109,36416,40108,43806,26027,47474
zQYRAwgeJWY,$66092.73,79861,70037,22348,84130,5142,11904,43058,15286,3139,91395
nmyeKqfHxjrTjWLQfpfzWHIjdPfFEPESc,$38151.91,96655,58102,16894,16150,59618,79184,16555,76659,80564,9957
nJrNgYVOBlTGQJK,$14222.93,3236,29666,66882,56383,1197,96504,7184,47409,63898,11035
QvYXLjIUuwbsCjKXCNdqADPaMF,$53047.57,40567,18745,26854,33656,60914,77013,93812,70161,81847,3922
yDrHNqKBtbBwqbIWNLrkSDAanD,$25782.89,57118,37168,97516,38583,57688,77814,32451,80873,1264,77021
TjwCFlNWUHbvhNyXuzYqXdeEUHVoeoJxxhACRoY,$35187.97,14216,19419,71952,21801,98642,60466,86404,81785,13248,56343
jflNtVlqCl,$61971.92,28122,99090,37075,8690,65442,73712,66094,79558,93031,38047
xnhaqQwzvInPeYggkzakRGgJuDQQdFsASYbjpxj,$40079.89,11819,41002,63443,66039,2035,57181,15133,28810,54647,72718
YzhcfYcXYCHNbQzgmAqHIFMOVcNr,$31350.86,70004,82592,2034,93344,40871,67830,6071,25941,61233,48097
ADwbJJbarjGDY,$51964.68,47116,81016,32166,49050,41112,72937,16880,47084,65530,44765
LRCismrtMiD,$97685.92,91252,36282,18598,39021,68348,67549,80033,8037,51081,93769
bkySMhKzyDmHGftIalwNFTeyVkM,$17083.99,75402,51156,53668,44923,11591,48908,3109,32021,13697,1473
WRLIozoIDmenYjHxABGPOcNLWJnDNwpkNbS,$70916.78,2304,7414,10101,26331,18302,62692,12924,57086,57471,84083
pXBAUloyyKnJXoczOJktCYkUWJLUkHiYGkzBv,$52960.88,73464,78691,45848,557,75849,56653,7774,90613,37805,83848
TnBDYVnHeLooLpkYpexDHSFMowCTgUYai,$87295.77,8296,13336,15133,2001,79743,55198,93174,61235,41590,27554
iclLjErWSNzNtTmtcnxJiO,$14292.93,10437,76026,16972,77345,24826,87017,37454,11195,26652,43569
dIYRiiJJFqDAK,$16614.95,10313,65785,53511,35039,52802,57617,12886,46107,1186,34549
