zUWXcQLhzKPTysRqMpWrRPJsULnf,$44339.91,50918,98482,81111,89808,51740,60487,88747,11441,37348,89354
AtBQFrOWIeHbYS,$72301.85,38467,85449,97335,3702,66560,87143,55342,93699,42643,66683
LXGfYWkqLiappApHpsIkYQhFDgCi,$2454.00,34761,15441,25710,31622,69386,84884,37010,29907,4575,12017
ULRJJnTjhbxRiAOzwg,$85778.33,66456,77853,74934,2594,29490,11944,32401,33965,90513,34981
A(qax[Vgc8Nqt:wmF*),$85778.33,24478,7899,92102,54419,77840,&)@/^@({>,27182,49434,48902,15754
fJKWrdLEhayrNgkkdOPnGbyfctwkHNDnxpkpRv,$54140.86,17270,85491,86429,55618,68045,37530,26068,82483,41928,52437
KNAmhwxpkbChPmwHHqhCiwlgWfHmOWHYkHmQD,$67888.80,51102,15919,83705,19536,35244,84398,34450,20303,87613,37472
MqwJvEwJbeI,$39606.79,91498,82128,21104,57903,4739,87097,75657,87210,37554,95094
XmXorNAHJkCoGLOlTzWpBmtjPiYOXJfWWdKN,$49373.84,81048,4972,96954,23920,62900,33925,444,29615,78461,39228
RfVLoMTMbsWgOtjzh,$29234.99,37790,37384,56134,38367,37728,52401,16828,76856,13400,84829
bOONiCOaYVOsENzfXBfebuLInhSKlVlmKbztDp,$8610.97,80065,95590,32665,93987,152,11700,45293,60648,29002,980
xRDudpEDPXhERjpADeWxyssxRorDSyUQPXKsoO,$10942.99,40965,32139,23570,34224,54533,33581,73742,61289,34913,93326
hXnVOqonLfdJpUXfRBswjxJgdaifoHAVfort,$56819.93,71497,43554,66380,62238,29957,63586,20146,75376,31934,82380
vcqXCXeqfELlSdeXJLn,$80564.91,5930,51838,12314,92629,27214,44148,41761,55625,76370,76598
TuIxkOCWzUaDSJpG,$44768.94,4987,61912,22525,46649,84190,98795,23247,55486,29059,53967
rsWTpwPPaiYPOeaJEjPHqIKmwKaUEHCVazQP,$19770.95,57093,74215,90309,74567,29218,49101,93491,95746,79433,74328
VHPVduDFqeFG,$23591.96,86398,31834,67833,63521,88827,42049,53830,30146,37919,69584
rYgVVnLrqgvwwzcDsCqQARsIwdd,$47214.67,27046,96817,9029,91564,48687,47765,62189,6610,76448,25988
zpAyQDQtUhtmzCJd,$91123.88,63766,66229,13037,79105,13995,41879,85615,57095,34519,6413
gIaWnqPHWkTVmdYrbBNhUaCby,$45180.72,89104,44107,63667,13121,77045,12678,36911,38627,98504,78357
FpkWPmkwhKYIjYNKPcmMYOgIGqaVJlhP,$22319.89,15312,55310,17376,81054,57572,5866,77214,72855,38053,19457
