IvVqifWqVwWkWKEXbYimHiiJLXILYQBi,$95304.73,77806,95803,30050,64597,31005,68246,75521,65872,86942,19214
NsLvEtEMCPlmBkCCs,$71984.49,20503,3838,46418,88649,79260,78942,75591,65126,2531,82246
ecpxGdAVNmWX,$88829.63,91247,37919,95788,70507,16861,38132,35634,85945,87030,48168
XxUeaUaNhWmwVdYuJKSDPpaTrP,$51986.85,380,50744,22876,31239,13258,26671,88427,86132,66335,96268
XCiAcDkMwNcm,$61170.87,7713,68548,71945,50529,68828,22690,40057,66719,2600,66628
frFrOHApJDAWzNyLcUOGicWUyXDYNJxtcdKQ,$41688.79,81869,85066,86963,23925,2013,42231,52882,92336,25126,94704
DtQaNqyrOmcLFD,$67362.84,49912,42900,3025,34979,29863,26851,3644,38747,79633,95880
pRdJJCxzbPooraTUpKoPMPL,$39233.96,41466,67359,42193,81473,78649,27423,52639,65241,23511,44030
PzThYOBpYPELfPodOuCRfc,$91153.61,48254,6758,50375,71665,17440,27940,42199,95523,96334,17186
xlrxBWIGMxJCrMTwOfDRtwBGAq,$76303.51,38829,81136,50328,65916,45840,96405,28626,72043,52985,95183
aYKsLEoaKsR,$39808.77,80776,88328,98455,21772,93810,79591,38752,59726,92084,1909
wCsEdQpvcujcfB,$38229.96,7989,12817,31249,1799,92309,36653,28177,51145,38462,49833
ovErntmpNVRsWMbnautWIuCm,$36833.99,77122,45385,63151,37031,78709,63668,80041,59757,63838,41619
KOfeLREarYSphnrSJGEIGTHUfkBCh,$73413.83,5238,39333,56473,38650,79671,78478,296,44493,92291,66048
AkbKQFSXaASfLuhsoxkW,$23772.85,37934,81844,72919,63422,89124,72655,51904,80146,44548,33185
apnhHbesYwyqbFbInaJCzTrjV,$75970.86,65208,69218,20731,69288,40534,54684,64568,66806,59888,21516
PDrqktYWtiYsd,$74127.75,22497,35616,24484,42517,67477,93602,63148,3517,34136,84484
NdzPSehJNaIKSrklubmSEaoqdXKKjtgXwFN,$26210.86,27691,94152,10423,85346,25786,89311,32250,26185,92682,21572
M$3b9T86kshC22$kgyyE$O:]y9UN@],$26210.86,23160,7446,98659,87573,77704,4690,19681,!){%*!^(!,33426,12581
ltLWEBGdQEPFcCcsvFWYDhYOurLtjgC,$37300.84,42442,17342,92237,23087,87542,57912,80377,65571,95238,79823
xuUUtXcsMwjXqSeSMeHEIXdPfGmrLLGJFbEY,$90163.88,60020,80556,35651,29299,16532,27084,69793,18291,62998,8749
