qJbrRXRWeNg,$38841.69,33624,81340,15444,17397,74256,88535,989,38148,35106,23831
ublsvOwjnPNka,$60771.75,12845,67697,69685,94085,83041,53735,35093,71576,54624,39893
rlQsVInKgwXvKH,$22465.93,42510,51406,96274,97034,91199,69608,42142,57946,9148,20075
bedGaACKiYKGREengaaelKiS,$28384.88,89039,14658,72769,82205,95153,39495,55078,59420,85466,97616
YkHFBLjoSJowUyENvMFpOnbQyQakimGGVo,$68719.85,21483,35905,39037,71087,89324,33588,42793,33879,71770,66938
GsjUFKLeBmOjXvPtkbrlweEAfuaDooYugHqMscq,$30462.81,3647,21121,95685,55895,46054,31639,42023,42757,34432,88622
nPRzjupDiUGuvAaFwwbNXAgdTzMBfvdsm,$62050.95,95300,88059,93941,50026,15636,53238,84724,56674,23107,66779
ePLeWOXVCzbxcTjxle,$70006.93,33885,71218,71243,49421,24456,22719,6096,14215,56150,77736
ETDbIbWKAyjdssADWNxyYSfbmrUHg,$38935.78,16703,5207,27900,23735,6321,94662,23694,61871,4903,49371
EbmdusegJznqCUczgofSyUFGUVG,$96952.65,22094,56040,63684,47024,6334,32005,51352,75974,23287,5148
zAvEtuzzATUighSGXEurlzOwom,$47560.76,24054,62048,66248,26843,73953,89585,9647,97352,42799,96001
FypMrWkwrBhqqDFcAY,$53674.59,62330,22583,90056,71877,19936,99507,34630,25156,19960,77735
WtzhpQIwHz,$52187.74,31440,60606,13634,98911,96093,95412,66134,25175,17996,22943
JBxWnazJSaRjqafXzFKBgW,$8644.98,50653,27945,86845,46945,36908,29567,27720,26486,50252,29434
#$#2Fmysm;61,$8644.98,>%)*#&@$),68066,16057,46404,28819,41425,99167,5297,60496,50121
tcnFUgSTTXQqkncIFxCVYpVguQNRXcyQeLWYr,$83842.58,72069,5745,9367,41291,14500,9500,98602,12132,27630,72049
zTGtKuLiWkaAVWANmtzAd,$23504.87,58288,45067,19060,89029,31619,56425,20665,16017,99947,43888
PHAmHoybnzDoyEufIBUK,$66650.81,11763,93112,20263,98980,75782,20210,42869,30814,86171,39018
hdffDsEhheLBITdDfMnmlfBTRhiJcDAIGGOkytQ,$11053.97,26656,62997,25414,8005,25753,49597,54986,30942,60643,44836
aoDJuJXEirvOpyvuVgeXDzMMAEOuCzwcnzLH,$65766.98,40163,16639,33069,47668,33200,73201,65092,1973,94443,6240
zLonXOrMItLgvyfHFOQrGRXmHDnSfvhfG,$45189.80,19630,42557,54107,87059,31396,24681,90593,35978,44691,17057
