wGYIDlCWQWveWqFMlDUygnek,$21150.92,75408,74918,15549,45145,44201,4611,13002,91967,38579,19079
gPzJMppaASUaYjDjknnnykR,$28720.95,77210,80310,56682,27361,59185,35370,93175,20769,44562,69949
GUSQfGDSEnKlbGGwsUVIYUkPk,$34061.91,72896,11562,28585,14575,37272,3722,40230,89199,61413,78281
WWfyDLUvgqfflOvVoCwWvmMjvsB,$38969.93,81859,87149,53503,58125,14264,96187,27636,18763,8415,35694
p{}BlU:fa1:knCH9dzg;]X@IdTQbn,$38969.93,91982,59511,62273,4027,:*!<&<!@*,7532,46116,96386,8706,96317
stTCOnbIyjF,$30170.96,62331,99364,81688,58317,18310,14837,93524,25150,89642,25462
LGtjyMCcCPCKoMqgsCKyzSvpoxYu,$60561.63,81208,23389,95538,70219,70920,68305,81317,38106,5724,50552
YhJpMCryAQrvFFSezArfSKEvDqYXEtVdafRNH,$67878.53,27937,55749,43445,85862,32995,57996,11161,2739,11217,40082
JrlNHKLLDhO,$27664.98,2275,94008,39170,80807,42121,81016,8744,64522,24461,61258
zwayJQHbcvimHTPOiuBolWdoaQTFiIJHfjgoa,$34840.81,337,72188,64057,23794,8072,17993,53883,92846,4252,63167
EPyeGtJOcSVGdBUCOJfXguOWaUvYCijGXIK,$54480.92,81002,79914,58863,76436,40854,53195,10114,79421,46808,76801
tsrPsmKQOS,$84028.70,87692,97924,14868,90949,80120,35085,71951,26786,60600,15139
avSMtvgLNvDzgupYUkOdqinqtzdSwgHV,$26179.96,9234,14610,87014,76527,73930,34232,66881,29786,83977,98808
bIgEYOROirRcnXjkAJTVGjdPUoaNUyfviKah,$35105.79,82764,91203,9903,62242,55688,33744,28014,20894,7927,73731
JklYfAzsvXxQFIrnHIJPRXzplSVXVxGfHSDmtd,$90195.85,26967,1419,57558,72010,92468,4818,39585,99784,76430,83616
nCjmXgSCnlgzE,$7170.00,48757,54068,92757,82226,6147,6502,86900,28299,30297,96894
NlBxPvIxtBrM,$38617.84,75511,69894,26203,96231,29403,8430,69030,35805,95230,97229
UgQgINVDxuwyljMOVrqfpwyu,$42245.82,70430,7279,54380,69837,66056,15663,50970,38918,22558,70819
sJJoHUyuJTmzzBWXwihNnzOvNwT,$72670.90,20728,71596,75117,65747,65681,33972,74361,93084,75702,84997
hhiDOprdoGXcdS,$92030.30,33851,49046,79976,67724,23407,39812,43426,75057,4566,52748
DXgsqIHwGjYzSM,$27364.84,82122,79645,83642,62098,47369,73702,1911,57448,48759,6377
