CgWvJBnnHHdFgTmhD,$61572.63,31871,57628,88562,83372,3652,33350,28842,45794,17335,88115
wMTswUfjDmmIS,$54871.97,39402,58447,5680,39404,87189,51374,56639,75305,24617,87778
6r&Qjef@Oe!q/0wNoJLFplB7xYENrk],$54871.97,32648,.(!#!@)#:,72729,62392,36502,44842,17176,88334,26087,45332
zhAAEoywRe,$82408.54,22517,97261,18519,87082,82190,87721,86409,70312,8050,69634
lLdyTIXcJYgxxCpbfRPzRdYOqyzkrRCcdfBX,$64378.68,9544,94705,37028,91624,21355,45808,80062,5629,9052,81340
mUqKjGIIrabTd,$42213.99,70653,64740,19810,74333,56364,7817,20141,3178,79998,95746
HLmXwUeEEvFfOIInMKzq,$7395.97,23541,21898,9840,95441,80998,83698,92445,77504,89048,75912
PtMSfRnzHTquVmLcEinLn,$40731.76,20328,41105,76239,68571,58520,10087,41043,40883,48422,33545
mwsCqOPBQTJEFwLLbWLOapdjilGTyUskR,$98066.72,46983,59285,78760,29766,49949,55058,37663,86303,26430,47167
DYgdoJnwUtPSpHdhSpOssyIN,$44345.95,75960,52457,10745,50967,63651,39685,62275,35930,66011,17679
eNlhUewjWoIfCbJsJtvJH,$49408.90,87668,85472,91313,5347,62203,62862,22522,87520,85120,58608
aUsNdxqDhinbDwIcni,$67411.80,87581,23183,99173,76756,10704,51046,2116,23034,40874,73242
zPAqtiygjddREqbukNnWDlglbsemeQpdh,$4535.98,2664,14782,28401,48182,63317,91237,53098,13809,2209,4008
yLrtVrRVQKhfROWkCzdIGjReEeIPknAIa,$17057.91,27593,58909,93706,42958,94778,95125,56687,96904,23227,81723
AJyGtqKXutnfHNnHFpdoivNMusjit,$98509.79,92179,19925,66232,41967,95955,17913,96296,29836,64933,69075
nRzuxOylXtaKoRUVmkUhJriC,$35072.80,93543,41815,22763,77814,35758,75199,83389,59814,96933,2525
VOPqLcBGIlXqoCLhoMeMbSlKfysdJTzFip,$7956.99,93304,59584,47462,9000,48152,74543,84791,45188,91040,71745
LsJULkBUzxorvPqDogbpHFF,$2832.99,16722,49340,8893,96204,59608,91800,68538,9220,78843,50801
CfcsMhxjugulCFIKjpNYHSjyuIGRwesz,$77374.71,17588,73616,62287,32320,8195,56590,18068,43371,59418,24221
EVNLOwkJEqbButbensAohFjCfqakEiXIfluti,$76443.73,76041,52297,94648,47782,59804,46877,39891,83448,599,97124
YHQDXrNczlLeWFyEkbQeF,$52114.89,31473,94595,43974,25962,44744,42007,55784,4408,31461,31062
