PaFIswibLRlEVGINDzNdSpgov,$62616.86,40961,57631,88281,36736,60321,18862,50544,10290,93413,75615
99@w0pbbZfR,$62616.86,43375,62640,98734,75827,.{/%{*(&$,10802,84395,10666,75023,91190
lFiIVafzUUsVa,$62350.58,20579,79843,20846,47875,45047,33121,52114,3665,54416,96985
vACewCIVWENTeuisSXXENyFlnSDodzIyalcxNl,$76375.52,52570,24939,45644,46201,68562,76011,7000,65690,6631,59962
hDkvwOjAoSyoeblsmEDBLiunUFGgof,$25444.82,20425,3348,37788,1650,65930,72590,38260,9785,87840,25507
QWtsIBmvVrcdFGIBpySue,$18429.95,89527,17759,93035,7441,38939,2152,79307,41867,64964,17721
RtAuahdBWbUrfpqcCTfo,$54649.93,73281,18931,30881,38245,3305,3523,55131,34947,74937,12086
eSObUJRzyiBAchoeIeEeN,$73376.99,53954,84933,21536,32692,81186,94873,46507,67799,55523,94109
pSkyUlaBzekDiOQePjRn,$40336.73,72570,43941,50035,19077,11740,72211,79838,23871,33658,41226
qhsrISUsVehNHXwYKTtsVBxWmAPjs,$3329.98,73493,29475,14453,41202,44201,84894,53229,92553,95313,61258
xbPTMPkWjmNsVWSnYoxxopjuDQbD,$89528.50,90555,86356,50701,70981,63251,92785,33368,94179,94343,85494
DCvwquknrXCAtGrukJvGAwTKlwfwHL,$1844.99,47693,83455,96073,89334,18492,15695,82806,32920,83845,45593
HXPdBcjzvNUHecqyFGEDhaTpauNtYDG,$33286.78,38132,48231,23526,73623,25634,77709,98967,79552,33273,85513
sJeyoifOBuOViHulpAnmk,$73440.91,8907,40348,16936,13436,2491,62059,26313,28278,34449,64240
VVXDEsptsCFDrqG,$38634.96,37811,87933,47774,38912,18925,28309,62152,97939,69918,40342
vmJOoOsgEypzPNbBYbQDxaH,$98502.68,55013,2237,114,62007,3930,98626,80192,71826,5298,57151
usTsHSiUTjuubXrAFmptArLmiYkJbwyUpS,$9586.96,21942,63152,98781,89262,66911,96072,56696,99329,97193,22756
euXDpnwcKixCodppizhOOlKyQWtiRMJWhIAVvwy,$71808.99,29724,89326,19700,21358,74207,4501,76044,24621,45215,64394
EzUQkRysRuNosutOCMnAuUWJQIJ,$8472.95,55261,66815,68826,53764,86272,8345,81891,61806,34116,98028
UoLOpMMrIbCwpGCWyxWj,$29018.86,21307,54506,9554,49765,55275,74235,27965,19564,64445,47080
naSfIThEIoHFMfDVPPTbfFhrdQSUogBbg,$45911.96,50922,12329,387,47477,62324,77193,12251,23102,94494,11960
