jzDUWndOdMsfl,$20362.94,63493,12705,62077,93213,28380,39004,45425,93536,66501,63987
fWpeAKAoNOrBhxmXhI,$55919.69,87407,1116,13822,39584,11725,56656,92669,82174,19497,96466
bwLXIjEQfOadAAQrpRXNyjHuXC,$46576.64,69931,28682,17838,2241,95667,54847,42463,97963,74076,76572
UFsLwIduVB,$6677.98,42501,96767,91505,41058,94381,2184,72510,1421,91486,24720
hOEWOTHwsDSsgHmAnjPCEbHcfci,$20164.93,28860,51143,38952,77420,24844,79390,93617,95344,35779,11702
QXwDGnhlNOnsqw,$13336.98,96823,60707,11840,14718,99559,89160,39462,45702,49529,1559
gYEDvHkiOvwdiOtegJQaG,$84214.68,72256,62724,68477,53637,57259,68440,87901,9147,97395,16412
YmmvqTlJYQTPQaXrHStCrQyDT,$43152.94,56759,53973,39307,77387,85978,50450,44179,38946,46416,69703
wHVLYWjqedKgubFxv,$48339.93,31579,1575,86957,70425,14643,56660,41595,98294,14551,27698
YxEpChzIBbNawNqryWeuh,$7686.96,88331,11054,42059,40899,71453,87297,78979,38024,74209,87299
FkfdiHpggpuwnfrhX,$80822.87,68994,97911,81522,7018,72120,35573,33567,77564,9774,57840
tigYOUtlizcpWiKvkIizWYNNGPjUAjL,$48473.59,18179,94404,15345,66544,10904,79309,88321,47138,45275,71842
mkbLypsNXnohyiXPCEBpuWcnhl,$69003.70,25355,2963,60306,42443,99108,52449,69218,8716,81055,6000
iBRQzhSDJiYG,$74278.89,76956,64906,96411,24817,655,21767,27680,27613,64110,93441
XdEsvmtndsvvWfDvlnhyHFmQcGBGiyQgBv,$44108.00,16668,60043,52181,40393,51856,58883,81862,2588,87004,31050
tgoFXrnYxv,$18519.89,78985,53734,98297,95554,13777,17230,2699,32285,76013,84461
PUvjcJpzbcyYWVNYuXaprRVvUGGfcCrRy,$95637.84,73836,68035,77477,87992,17884,77847,34862,5795,3302,38915
#HDNqkrAknZjc&>yH(^n[i9h>%p9,$95637.84,61141,*>:@($$$&,51648,3574,12111,29497,10957,33784,87675,35471
tPUkqxuoVtfEGjvHrKoxuvjfHcsP,$65845.55,21607,59260,88016,86402,71562,99434,37665,29727,52131,61089
IEMFzHOEpqwEKeKxCLvQKntfy,$23602.83,86506,84068,42312,69237,53009,76707,71429,14668,74877,50815
xNdByGmvIy,$11620.94,26228,15893,61256,83237,2399,45324,25550,71537,64985,2257
