pCLPxWQefqSAASHAewQCMemHkm,$99045.85,26469,68306,830,26216,41620,18025,86377,84742,55967,22462
AcmcUTCyPTACXMKHzOaOsytYHMEoXnyypKaJe,$87636.95,16958,24317,21341,91937,80952,71430,94789,83048,3879,24110
CnIprWnEwmtGmdlpKems,$30712.92,51618,57609,68982,34666,61388,92993,88016,64998,39193,20140
TSxyOjrUvTFLeKxwKfJsORuA,$26209.98,93932,34991,2917,54444,17225,17776,66948,6975,13849,94628
OPQaTByqndAFrRzRcKEfxMSfOdJeWGPmwhm,$71422.77,35780,56938,13886,73048,92631,31777,33831,23519,9851,79316
bHiobMdeWhBDxNzEaq,$31038.91,77902,98344,49797,76332,98827,39968,86083,44895,82418,22264
DPrPsUMzVPw,$71695.78,48707,19063,72953,79475,44359,96771,24129,9456,13320,461
RWamXqpNHggcSfYjCiYdsfrMk,$28751.85,4514,99845,75901,57611,19676,44912,99624,92208,51756,28054
VqLoVKWySVbLc,$26365.00,11020,71418,80553,69880,23174,75259,93786,9179,93708,97192
cLoAekbPLuOWCS,$40584.79,54484,86829,65852,92554,34134,35732,15728,9393,29518,91459
XokJCkOnmeygSwImaPMwNuxdhfYJcxrAL,$56355.88,88804,92991,18810,34730,72143,1482,44145,45926,56707,75143
PrSXwRhXOyybbjpNHQLlQQH,$64635.78,22164,74867,61761,63959,15713,60522,35953,77179,2222,7182
GqXfoyGxNuFEgQwxykBOUIzYGbv,$74159.68,92964,11724,44901,38143,40588,38599,50124,19860,38407,34743
XsKTPIerxYAXXhYSfaFMGHSSyxlnpXGn,$67943.90,49272,23924,6076,71872,59711,36261,36951,29808,28170,26774
ALvgXBoqUMNgz,$20890.91,86278,22232,33532,2302,12808,39508,40826,72420,42422,44429
bEObPJHNmVfGisMiVQOnLMlNmTnJMmCNqRpgbW,$62640.84,34033,7042,61729,84455,85053,2485,27069,58060,36522,22614
kxwfKFRwigMzUsBrMojkIjApRNmOMVyx,$79108.59,94903,33745,56126,85424,47621,51927,88566,36400,57912,91243
{N#J;6[n;wpv4hse0hWeAMh3c}zpp8xj4,$79108.59,84201,25105,55653,41769,59552,(%<>%@@<$,60965,11958,32934,82547
PYrmRqrvivTD,$28155.96,39160,4962,28211,44936,30656,31855,53516,38375,86880,38121
wSiMrYyjpPEWKYAqvDcqWcUNWrcJLuSIMAve,$89662.66,70300,40774,55984,77921,29725,67262,83149,7303,85880,60669
MMxAkoDTbxMjJMEN,$9509.97,8424,38589,25275,75088,39344,38900,6063,79649,22052,73890
