XPudktjSWwIsihYENTgPwaoQ,$54965.97,44709,85502,91810,40523,31356,28506,68855,52858,61327,27320
jIkWDPnzPBPsCuWSUEH,$33451.97,95119,39689,49736,32273,39745,61861,9405,26634,70645,13593
5Al;}hZo<5(S8P0Am,$33451.97,66307,19133,11252,15170,99441,:@.!*&)/&,95816,12237,31667,21271
CgofughoQFNEeCfNDUyDyXeHHh,$54107.88,33420,90192,84399,30931,1181,5293,50279,67575,72232,86667
WqrAKpeINHqvpgqvxkeTtQlIlrNJLYMiOEIz,$28468.84,91804,91710,80829,68987,71352,29692,3114,2146,76038,38223
tTksGsiKAHfmqmGPppuiTW,$81057.69,47851,69283,44495,87167,43595,57298,76528,17708,58914,95616
CpbPgoVvdlPlFMwhgfigTTfA,$25227.96,69326,60800,23264,80036,86505,1088,65447,40197,71218,50519
CiKLNefTfdIfMzoSsmzBPUFOsv,$82870.69,77517,76768,69058,80896,75441,5172,33001,6081,48283,20898
efzdtRUfRVUMcjEWNFoSLHHDMjyVEyIIDIlXaFC,$35479.86,52565,1947,8395,66116,25961,28558,15477,97523,90814,69810
fjAorewCBwifOkdsok,$139.00,99820,14214,85233,6288,52067,14543,38223,70992,15057,30253
YzgFywMmHIUvTLFrfzmPBliKww,$83655.88,46256,54070,32495,28657,32019,24034,736,77533,97734,68087
vvQMbPaQrKYBhUYsYEWaiIilq,$4720.98,56022,39633,86922,87967,32617,20566,51222,96712,23644,52033
rpWqtUPcdxnSaNyDxNC,$95289.90,5890,61007,76217,26356,78881,72930,49901,30914,23769,60502
AJfUYhxxUqWIoAFdCJXssPtzvsBs,$36472.67,64987,92032,59697,5894,61040,18993,1878,58194,11958,79051
bjUSckmBfFCWbWbxbKpDB,$5370.99,85058,71786,56625,64307,36625,63667,44689,57464,21022,50770
kVidqhALjbTVeIn,$29186.80,42403,22146,89855,73362,58672,20274,18051,82788,7949,68722
uydXPJXbTYVpeEcKjGVAaCU,$1372.99,57577,10803,71125,12977,64258,57199,93602,4739,27977,57114
WvXabmRqYLzKAXAUXByF,$40948.88,84252,10416,20107,85034,61638,29799,60491,15364,69459,58968
zAnKbKlVJmuOkVC,$96545.59,61375,97101,74241,38443,83860,59275,66733,13660,19766,81997
OBmOPwPAhmJtGzDdBKyjbfPtCTIoSVA,$7867.98,21285,16076,62839,41508,45815,66215,31212,76744,18221,21886
xhhyLWsoqACkxDrUp,$89906.90,11155,9619,72256,19315,22086,38472,17179,98730,56593,38966
