mONmKOwugDqtMrlKHVGHjUaM,$8602.97,35061,77452,81167,59093,10190,99917,11474,47649,94054,83749
IWScFDzHkqXiiFMRsQGUBvsYuFmqNhLwfFXkjxR,$13324.96,47224,68175,22504,17898,18923,9362,2874,30377,79870,47578
ERPoAnhuBVUXQjmfpgnvwObFVTgqttGxlw,$60192.82,56440,67554,13796,37585,61631,8642,50936,5064,40400,12070
CYvyNWfjQlYkEFHqCtCMMIXBjihueSu,$41392.95,45864,67603,33733,8458,62435,66530,78923,55498,6616,93831
GbBfclMkFRCAYtqEXdqlgnxTNOOFJCyPeAugLiP,$27911.86,12414,87598,23447,27781,15818,26123,88912,78193,95680,25253
gxapbyffyAKJiB,$45545.91,64767,88425,28035,54866,82858,43754,80890,71771,88599,76570
EeEEtfDYJBzuLHvMppevTCEh,$56033.00,3249,88717,23000,61504,97211,60242,3173,47086,13649,22799
HGkCsrxEgMJB,$50427.89,73603,73872,32026,62320,96773,93430,26284,23767,63255,73270
LgttPvlhTQMgaonLTBj,$92248.94,34113,24103,15254,27544,50287,5674,90699,23557,9643,10158
cHvyScsJOXJClVVmfFQSUmc,$21720.94,33026,81107,21267,70387,32961,41656,8248,25787,10416,21956
HyAJjwFwBKnUGYWwPvOFcVBlJRTrKtIRRjBc,$4714.98,47671,28333,12951,73195,52004,59058,31681,83983,80065,82506
uqYMYaofGmNywPxF,$50518.62,24147,90737,25890,42803,16547,57471,26786,96512,6729,53064
Iy0WVl&VgISQVWzx;Qo|5MY@ljzYVy2]fv,$50518.62,39238,16464,50710,63980,21603,25431,29287,@:(!^.^:),70483,34319
oMWzUUTAHlFllnkhLeURQGsp,$74701.97,35792,38412,12081,51657,18116,97796,79156,87081,34319,34753
dptqYacdVtucmJuKMh,$94227.47,56409,39492,95889,41178,4041,41797,28259,5012,76450,57779
fESeEuiaOCcALVlzemcPpGD,$76165.91,77239,97699,18748,26946,92839,56011,94469,35819,46624,26414
MxxnjtyiWkJMArPVzeVIHGSPWwCrUxlhuIueCsL,$4666.96,95146,56316,24495,48260,97908,43333,24037,34070,64642,46338
AmzJGDmyOlBlxEyAE,$8185.97,27973,2685,20652,51910,36655,85194,98148,66505,43395,22584
zDnldcweNuJ,$26119.94,32113,58053,22761,59986,27390,43313,78549,63946,28508,76697
RrxQUkcxLXCYsLmMaJomPLA,$14021.86,13759,13597,29227,90356,10700,67682,23042,716,86979,9746
bdqyfqRQceqL,$49702.62,26538,85351,29098,40035,81230,86106,50635,48912,9149,51251
