flOHmPotCRjCtAzEnWPLqKARRqTdtNGXYvF,$6621.97,28518,37568,59254,39096,6486,97581,65615,48417,88739,20979
nEYbKwAGclrVPfHEUmSJvvVvjx,$5574.97,85423,88498,28572,73859,38373,4274,95293,45612,28149,9736
fDmaahkWLiORLSCNXx,$77591.91,14426,45296,20781,26690,73346,97069,56999,22088,75571,34026
OUdLglaXwSaJRxvVWiRPQTHCiREBGsVvMYHSKH,$31210.86,51899,31477,71339,81183,90936,94915,69204,31573,30539,11410
IbRkIKgexFLQPThwUynNMAcXUHzghIT,$57728.80,67992,23736,90676,63722,59749,47078,70973,61378,47621,84390
yWPLkcmLbHtaNAjhQtRrLOxH,$44189.95,38527,95987,60195,37292,25980,86099,25400,9862,19464,67728
MIuFblrPiyxROPdgYLvYGtBODedgHFkToez,$323.00,78131,5355,35104,54500,56129,77700,70587,15721,34577,62279
KHitvmiHqBRvJvV,$28060.80,41894,35021,42633,96294,57802,86985,66882,73424,21563,95813
czQwUeEdTGU,$68733.82,78530,40706,2586,8295,14987,11132,43216,24272,74079,1019
IYPaHRzYNUdtXwasmPjYwMuEQLqAymyGKNGRFh,$3154.00,28549,17548,68254,69646,21690,36268,75405,13335,95750,48310
rrnXySCmiuh,$43944.78,36201,24157,50392,58481,42012,78841,75929,10266,15239,64272
|Kq~bX<9@),$43944.78,90544,44259,..^){#%#),5607,78242,70781,38150,5236,96199,40689
wSHWdtobcfRohrVQGUJKep,$70609.66,59698,77025,78037,79052,94988,66799,7343,51806,67052,72967
GHqYvWqQOWMXhqMdT,$85026.77,4401,40873,68041,50105,35862,34841,24101,54320,68545,96968
WPCVmamdoIpLPgzSaWT,$32130.99,11345,28910,39212,46086,52911,60184,81283,16632,94484,55673
TEQTruiajUqpTIO,$78778.93,75616,40440,71326,88354,60004,31510,69638,43288,92646,91963
WqwqHQYiztyPnGEDkTEMRisJs,$83119.83,83363,54907,8086,72394,61372,47930,18069,84157,58909,25568
YYLeCVxhjpO,$38216.82,42963,1979,47798,89104,25293,59893,72467,80100,34631,11613
abIkMnjlYMnUkTDYJFyQKlqwXNmceuefVmO,$70985.63,51802,94544,23120,33333,55676,75863,70886,20739,56045,84651
sKBgwDKrHpn,$81673.95,43017,67415,74334,32789,67400,96662,75304,5039,84053,31349
YfLALIEwaLlngpibqXTdvGKUqnFDHsEG,$19440.82,68330,48674,24921,16429,38868,27558,30264,95311,2115,89533
