tCYhzcrHcr,$95283.69,46855,10468,22279,5501,21633,77687,52117,56978,1586,17188
nhMiaphhokXVmqdxtNQwvWDrEKEoyeE,$44545.89,25242,74202,34849,51521,70418,93285,73386,95709,2797,52914
L&CiUVHhy.0iB3~{lne%eC/,$44545.89,43196,97177,54252,63782,88295,$:^&$@<>(,73298,51566,8020,93750
qXXDwocdGsekzwNM,$86310.62,84359,14341,61505,49092,40670,66947,32043,74920,99543,81750
osULWQzyTFRXQQTEDCQ,$40286.77,71073,3401,86500,4772,2097,61420,70967,83747,89869,85546
JNKBMjUtAtkrnouQEX,$963.00,28062,63795,91628,80539,59226,14063,5824,54340,67456,20999
rfkUeEVxFDPJzucrELfHnfUXDdoippmgTW,$65678.88,63801,29502,18803,2598,34865,3539,91244,61601,32563,78588
xrrcMOFPeoFSaLNW,$51047.65,76535,3311,58458,79033,4829,28649,37029,66330,61112,15618
DziFmWLdAaIuzTixiSUtbaFSUTrHYzyCYgILe,$87793.60,40957,88885,1099,32147,27128,83995,23753,15308,79726,22417
ALxtGrkNPJntjScuwVjBPFaIvhaThLKHx,$91185.00,54438,60404,71342,74886,55883,32140,63322,5883,68885,71293
uGGVVLwEiDeBkPmrnvrQudjkynSBldAGjGcfty,$39817.87,42889,65918,49128,13485,61131,62715,18190,10783,3457,27641
UfixrlxxveYaWXkxYYaldpMuyhddEUszbAWRlu,$9249.99,68127,92210,95034,12535,30665,62049,89414,18148,9202,94177
QKvMdUndsEpMtvlGCiS,$98171.68,38648,4648,98832,67350,60715,83632,76452,54892,18631,50796
UuAQHDImSvfphmROfLQjWL,$52999.98,29675,71756,83053,47123,36271,23543,31700,27570,72636,78624
mOxiTMOgeDKQutnFcnWUEYMeYzyYD,$69841.45,70883,76975,95785,86757,74674,614,40309,76083,64831,40898
jvuPWHmrmleQKepJHQNWhOuRcgiTwIbFDwUBe,$36787.98,99215,14965,12772,23653,48272,46170,91677,74889,83698,3527
MSGuMCeNiHJejoKCfeamHbIVJWXoSNOf,$37078.81,80601,79285,90744,60921,73883,76699,99473,67942,51302,92265
yFCHcaVuNKAvFboDF,$77789.70,29994,64239,90868,70529,7690,57094,5224,58892,49359,33093
evOhvlbIVBDCCs,$19735.00,65852,32169,51359,30091,23038,88540,4434,46784,93664,63226
ANaVcGQnHAJkemmwruKHtlPFElCbTJWuWwQ,$76677.76,54268,53468,73792,1515,83821,3924,50065,67901,53384,2718
tguFVzkidLB,$66307.45,24514,29699,22693,56920,37542,43613,10388,77986,45028,94110
