DkFvMBQEbVUThJt,$26281.87,17769,97378,79656,26873,75743,31038,59173,74345,35564,69987
xfBIKWvMoznJuhQEaJDqLmwHL,$8406.95,19788,39626,53161,8802,77194,16330,15486,78892,59054,15694
TAXdflIOzWJlGQlp,$42538.96,80617,83880,8533,33779,92582,85627,16761,74720,31272,42467
rPfOskaAYYxjlDa,$6979.99,15515,40963,49089,85107,7889,88853,94767,4570,16898,32838
e.@>aSWTwsTR5}#cbP5;/lj0*`JJ9}/wqYUq,$6979.99,92380,11729,3172,&!*$@:)!<,61262,44990,21492,58164,37440,95459
bGTHAgkJiVzjojuagkYJIasJGlVNcBQdH,$71719.98,59417,13501,76853,65532,3204,52451,50575,68702,20746,72553
TAXVBOzjaJRREKrvCaa,$10651.98,50550,67242,50673,79363,19561,55935,20609,17146,70949,41582
RlDrKhTPRiyTRlDgiHudjJmIjwSaxibqteHDl,$67435.70,64095,48569,93652,31394,75965,7960,37875,98486,60806,13920
rnaaVwtvtbVjuarxLSRpCjmfMmNWurKLeKmbhf,$61491.89,58879,74574,9868,83196,8437,95163,89465,30823,44653,44304
ClsqiMhsYldlLJPIKVBUvuw,$26104.91,11873,35984,98093,25387,94726,39853,96203,38880,77455,51823
tDXwojGeRQzSLUoH,$75969.69,59234,39753,69977,24079,31792,64704,63832,27995,70236,41287
sOgPLvYsYrIYkutXBhlYDSjGyjBWpXa,$71223.97,55892,44694,99769,79844,19778,51085,44817,41691,78311,81788
ReaBLyKMvzKvgXcCvdYLDLkdjdWFwXnpcnqnl,$3583.00,94238,10043,8006,40358,13438,66498,11517,27313,86789,5219
APEdmJAkwpLJ,$11155.93,22808,56812,45769,16913,87198,74522,33254,62380,29291,9410
qSYRaKwofgmEwtTzUjRcCwrVkDelyrJOl,$36356.89,15636,41909,66788,23545,96480,5412,76166,11034,72333,84844
sEgVjQuAAklJrVDUudFfgmjCsIjrj,$93832.74,27814,40649,94422,16456,11343,57320,558,61743,12641,55599
yNHcSNHfwlyEu,$68467.73,8292,7176,13051,2759,14478,7473,19115,92373,31446,86225
kayinhJhusmqdkVWAk,$67390.98,1740,71895,23279,75765,57662,15652,7211,43887,3173,84502
ImMpVTjNFAQQV,$68346.45,1943,36263,79589,43993,4655,18237,67172,80321,75799,49477
KAtjIFvYbpiPviGLeUCJrvPEoIWKtnaDnS,$52346.98,47041,98154,90427,2359,37738,27870,91788,82697,48027,48344
ziDpMRXjcsVCVjvjguSAT,$18923.91,86304,94501,1381,35753,42528,49626,10984,21064,56270,48316
