zqsKzGytQXsnDPVYSfsBvEveED,$32977.84,18796,51903,50376,52343,3409,65335,16801,42268,51369,72817
yVLarPUUTYlhjYYSCinFygBGwqBqVsjuouTfkOb,$87339.99,6668,92681,30437,80472,62013,47352,6279,48373,83262,68699
YVgrEAfaTJJIKOWwaThkkucnMSwhqcr,$44198.78,89587,13378,88605,19810,5180,77625,11830,43697,91763,53363
VdaPJkzELMQFjxVK,$36477.89,25715,81297,48740,30795,25674,60470,41144,17438,13833,92090
gVnqFMUsAlxjJSuyeclwmuyXVwuwzrSgng,$72994.69,53233,51057,18053,34783,36812,55694,28824,66970,5150,73940
zvClpbIlWDhVUbcHGXbaoLtQuwBwSLC,$38018.72,87927,79498,35835,60280,22039,92242,25285,60003,70122,41528
e:n~ah>5;{;<F;jU&<]qyp3Nq{I:,$38018.72,3760,84793,37207,16415,45549,25443,15708,*&%({/^<%,64879,49684
oCLIKzlTDCbrJixNNwPfciaGnaHaqhkeKvMUvx,$60738.73,18698,76770,50122,13562,86234,70994,20081,1794,60593,87267
vrRiQaihhRlrNYmjwBHWrWFpkDBtqsFlJWua,$25085.87,94528,66929,42098,20427,5544,42713,90857,65145,77390,47211
JbUpPftryjJDvSBpsXrYCLrYThhKuqI,$44930.74,60915,12562,68515,74101,83152,36421,47704,31057,34069,49082
KLERSpnjYqaCkhLwgStNDJOQQJBOdoYN,$25893.95,82185,75087,83944,78550,17372,1176,68016,87125,30770,25996
JBTyEHysibycuQELaGGur,$11262.94,91119,49334,27642,55602,59504,14592,11643,80129,96466,41628
bPwYrqqVdqCJKtU,$48732.72,11169,85912,82186,37325,505,60481,17454,96871,2110,74512
sOYjfpfHfhrqBMLbRBJKEvhFKDCIgUhXjFhO,$13357.93,93850,66950,56158,3198,1609,79527,12461,71266,74918,47577
TuqNxUqFUAsf,$98720.85,31150,31740,86048,97219,58352,46650,30921,81162,49748,99082
FhUWdOQScpOtUjtMOIvmPoJOBnkWs,$23872.85,71801,63860,11900,8923,42870,15855,46575,42507,22009,78254
RvRCJSpUphkNEGgagoLyzMgCiWzqCfUub,$92023.78,65511,3303,23635,14431,4380,57516,23709,13021,45477,62968
KbCWGFfDfvgKPaLCWwHjc,$6259.98,65229,49696,5299,70572,98575,82479,40140,48320,85871,16003
zQiFBXgnACkHLmKodVqqVqGYBVfItrVsIeYJB,$58493.68,37438,15449,94486,17135,13940,55707,15453,31391,87800,56003
NTLpPQxIIScQWAAYEXBlfLD,$72280.70,57346,49163,4083,38070,52001,5835,5450,1956,69219,99426
AtbckxclwGIxRokvmQfhNmpxGQ,$35953.95,10346,4653,34254,13681,64980,35954,92859,8225,36130,69990
