HgRtWAQIiKEiKQ,$53164.66,76171,9770,86064,53212,22603,38776,60937,27861,61719,22913
tEtALlTilKrSUvcgMyVkyR,$41876.68,95615,8873,48432,95859,83394,34833,20966,50912,16568,80573
kDvbVrwXxIwtTvlAglWfQTPd,$52589.73,42859,79949,72101,76842,78632,12539,51646,1084,41867,8362
vXVorQaRWlpCc,$59973.69,47373,53581,5790,56885,282,44543,33727,78814,56983,52026
JGxgeuTwKToIfDlGMdmF,$87396.50,45984,15696,72075,46363,61162,95710,98289,74364,61212,25329
Ax;@bi>cYY/c~0r,$87396.50,73329,87542,64542,39340,34551,{&#<)%.<<,44921,57206,60722,10301
TgxSfwBmhoeYDyOckijLQpAXazK,$78763.96,12068,49677,22214,19324,85724,59536,53697,36585,81539,12623
aXKXMMHUvtlktjlSuHwrfUUB,$32824.89,80127,98289,84319,94075,28679,91996,82943,84169,48515,18919
NSRYLmgIdmDYnoDFsdXddNyzQFEnJeVXwNWHzDq,$84664.66,61485,68652,49053,46621,13245,648,96699,8809,79622,42208
pXrtTpphLWgpojEHJGPpPqxvtiPUR,$56926.54,15430,99046,63784,7160,17371,6981,69183,77220,22582,29147
OOHzwyOLoLhitxdlxfSVY,$35682.87,97669,77073,26640,12327,19664,7630,88297,32497,18022,3465
qkqyDnbokhhhFAwNjlPeGCzrdCBbEAjUkYSNLTC,$73256.59,64373,9588,34827,59293,17687,48319,51882,2859,55103,23451
zKPeLaYVyRkKlMHMwKT,$3118.99,82884,32640,66371,62221,68736,63524,92708,85960,96509,89418
GGyhgIydLewdYdSSiusYDiUc,$32866.85,85282,32030,49589,7459,27804,526,28659,83354,5834,51594
fuWnppmSXh,$37147.93,74522,49495,65197,20137,49493,17231,18819,65734,91242,46524
FkihOMcmar,$28097.97,87293,58810,34168,19242,45599,50313,3126,64319,16048,61020
wYifgwRHIsYKDjjWoEfgjtXBiOoBfHYBGhG,$12679.97,28957,42120,67314,46519,99583,87125,4666,72720,60729,57133
WXTqvwykkAOR,$60493.75,4199,76248,85826,57977,47567,25298,18706,71352,69242,3980
GMpdLaMLoFKferdPcYwaMxUvBVUxHsQNEFqPf,$18011.95,51581,648,83545,42620,48798,99382,86137,88173,62786,54952
UeVLSBRjrwntQwgQKksoQTNxiLYrjVwfAsqtti,$20891.93,71426,92170,11308,49123,5870,21451,78302,86669,15140,16852
KIzTEvyEoPXhXbsdQVaCgLAbrKmrJvYTeXojuMN,$99444.98,88772,4491,51276,65501,26194,7040,77355,92975,34131,81380
