xDBHeQQqOifXPPQDOFJoCcKSLSg,$87370.96,27784,69891,22532,10532,2224,70509,50022,62935,70515,61079
ybROEgvoUXrfQCXwjgvckxxwdIzaIlBhmTwqaRf,$90992.61,61207,39250,66455,19806,82439,35955,41377,82685,99792,66087
KXpkxXUaFGTcwttBOIWpovMqcroLFirPgG,$88510.62,74421,8397,27791,23376,49686,96583,57005,93403,47666,50124
wTdsHSTyhFDPxtveSzJn,$10530.95,82010,68078,91655,7041,92898,84506,72618,40923,18808,28380
!kUns%Gx8:4E|K1EgyLfb`x(ai`k5jW,$10530.95,27202,79490,46633,69362,58105,>>/@/##!*,61638,93035,87029,94988
geczGhoNkcoJHgJyN,$28372.80,51677,405,63327,64837,43507,75518,73905,67886,11047,13711
gzrMnEWOTgwaPunIHbQUHYftgsnMvoxbnPNBu,$84756.00,8397,67448,73825,10189,30307,7118,53198,7110,10981,35808
kFpdlHPXDeVERlSSfDITUvhcDjStkzDuFtWQbN,$87673.45,66966,34110,12106,78338,39378,75304,86515,30605,70125,9949
gDdJmVCVvGQAaNsAbHFtsOcoQEPVpLV,$66379.62,12649,42765,32148,70620,69323,188,37760,77519,18775,89195
IqCPVviKywbdMWsXsNMRtMmCIcrwtGXcwaSsw,$50749.96,57528,57809,8107,85153,88908,6094,33749,51429,33519,94795
wYPyPLRVJUsKnkGNMBlPyUpNdiqWRMeolun,$94977.84,6876,36845,36008,28486,79314,38391,14213,19358,32411,17355
LDGHTukckitxmIIgvkMAIdAYDMaKN,$96080.96,31898,94957,51169,92936,33161,32335,22077,47602,30473,47321
pksKufLCimBLYcVnPONINUuhMil,$70069.78,69947,93450,91056,9770,69560,86560,74912,76713,55710,2416
vsMxoanDnwriqzvzkipwHuSzKJWmCD,$18840.93,6864,83641,49188,42921,64458,58487,79011,39506,26646,41573
TonIkUeCUomR,$84819.63,81139,62116,78671,28720,35633,62313,44560,78454,26771,3047
pNwvikIQUeuxYjkqkzmlLCASDeiRjBkyPhtXr,$15473.96,52572,29988,25232,70143,4119,33765,76592,83300,89981,72812
EKNyNRgFbiqaXxtvoVJbctlGLfCoyjcC,$84428.73,35005,65848,20371,85839,60000,37238,13253,49688,85177,32342
yRQbmBHxGJmETo,$25027.97,68894,41422,66699,85235,93251,65693,38379,85075,24279,19450
EWoCdYOHSCoFgwctmlOrXSJMbkRGeMniJBK,$46890.81,72286,54358,70003,12764,29760,60995,85843,48207,35899,26730
PIJISxjdOPGCdPLFAzfASyBbxkGXlXjbgskYpt,$17770.99,78327,83801,76334,35130,61644,51842,61836,52150,23762,16290
QxQzzxRjViCyMmITahmshEPHPmkcfW,$7736.97,52574,52747,64866,38409,14419,92469,80705,24361,14156,61073
