RyGWPcSkoCk,$88757.95,97622,54565,18415,67524,99556,31729,37409,24074,94697,62707
G3:%eK@c14TM6#yVHAG5,$88757.95,86793,*@>!{($@:,83148,71593,11094,13146,28647,46569,70584,11231
UxyrnltzeeVXYLUgQChxz,$85901.90,327,92332,77857,97867,65993,97646,6738,1362,9722,28401
fcnEFrbermYWdbeaAvsGaqKOxgHzXytDaGHFxI,$26132.88,25597,77902,64611,9686,22182,69329,92319,61666,74274,67384
aEhHDgFwjFdQlBAvpVDBTNRtWDknOrOOVVVaBB,$1048.00,89184,47546,52661,76536,76079,21247,45006,30862,17634,95881
YXNPqGTAsuNN,$28897.94,91050,51482,52952,12297,63140,83715,29832,59021,22487,18723
QzfxSgpMTdwkF,$44665.71,46105,76151,60962,98958,55101,24102,49425,51585,83024,38564
fkgkhyqVlKahufqkWJskqgaUSamqqfWUqCfWbV,$43593.91,28314,2692,67370,54308,19976,79130,65404,79987,3748,52651
eBFPrVVoqLQ,$62578.72,37486,32807,12447,53069,85896,70593,48035,55240,4715,2344
BkuKSapuFfLbAzrmqmvHDXlauj,$68902.84,63401,85533,71040,85157,39680,24743,41222,20951,39997,43224
MeymvkCHFJKeuLXDImu,$56491.84,23343,2559,68628,44194,9208,11852,79746,53247,31171,74893
NLkVRTGVoRTsaFMMwynJNUVtekW,$46979.84,93206,7090,55787,72732,74358,70077,25006,57814,41831,43103
rRmWEySCMdPHykmIGlLftDpkPrVjOUvgM,$49386.77,90555,98735,47533,30241,84711,60468,82570,34357,25701,92898
xRfQUTcKlxUasqFExIvdeowCX,$59615.58,36869,56539,22735,75728,50264,54671,15207,47414,67356,25181
wdOMiSJQNMucIWAfvrNAjUVgsn,$88366.66,62421,92456,83571,82242,54815,51165,69583,8708,11856,15001
CtkhPCvPlPlrHX,$840.00,15012,74461,47139,27991,56400,19265,43347,76065,86635,54433
ANJsvHGuUUhsLVnMfNPWipz,$43638.77,80119,33373,1149,1304,63919,87267,18993,39843,14259,2469
BMBVtuHPHUUvKsEbRjkeRbFaqHV,$83639.53,26393,83345,89429,598,22328,38374,51714,29446,78032,36412
VNVAonjyrcaWcPFxFi,$99656.90,20253,10681,83400,16351,55365,19812,40059,33620,617,6340
yzxxRzWObmTyrBISnSSYVKRicOYPyldWKATcaQ,$2092.99,58403,19760,33419,68536,67840,8201,65133,22732,16504,28999
nbbnVdNmuOpG,$92807.48,27595,52112,80129,15425,32766,5285,1837,32837,40473,36330
