LOdAHLQhbCv,$66346.87,21832,69337,10978,35177,55005,77956,81101,7360,55115,65745
pwVDYVlkMSlPonJOcXahUvUERiSIHuS,$72918.83,68198,73060,84858,69964,63106,75576,88354,12252,39952,21027
bUGHpCCtuLmCthvqXJqNTcNqGYDYX,$74440.69,58762,18502,31178,63485,71282,5601,56044,19981,65123,10451
xieURuilxVCDvgDtfKraXW,$60045.81,85177,18050,22339,27517,67639,53073,72265,62521,14003,38559
IabMvhqonAFnyCwnHJNHnbUMVmijym,$32111.88,8913,16047,74223,77699,80891,42830,91494,93636,29586,21736
jSkJNXGAFPyryfD,$65869.87,48521,44249,40438,31220,85125,18137,78763,94607,76283,72399
EZwT$7uwC/niRx6g%iQ[|^CR)9TaHe,$65869.87,^^${/{:*$,65586,48035,86028,43503,50933,96094,33566,33776,47944
mLlnsbkYBtDVkoFtQQtpdObQyxJzOiCBun,$26657.80,50742,5067,30785,76724,36519,75758,10702,77960,8250,95879
iNJmdkCBinAWUdy,$66139.75,44314,55371,97737,49282,52808,74461,52453,28567,85064,97065
BcHqlttwvuEiUbDXasN,$29763.89,55723,79622,89355,19540,82992,37050,96831,43921,84071,18265
VApqfylFBIFTWtoPRV,$43357.88,26916,91067,86630,76560,94770,50213,20481,78841,68378,30209
vDJacvGDemXAfmqXIuTOSBMLVegSyumUXWuAs,$33575.92,50719,48771,30349,79616,10343,29385,20079,19109,30134,94283
LzLHdRaBLnVKJrKcsoxFQuYfIOcPYNQ,$50488.79,8282,42130,19262,2266,78794,34249,92452,45482,31837,44103
NdGjcLRrNhqbXBObtevLVBQkSFOtwLjlPPurbL,$35192.86,96824,31023,58834,64243,66761,62385,94151,49137,40197,98994
xpgeDAaqJKgaE,$88048.96,97347,84623,2100,86274,48199,99675,11860,12442,66436,40897
EiysgnzJRajHjUnjzkKqQba,$89760.56,73793,44992,72687,47038,93869,20433,19278,49637,5250,97420
DoNNvxiIgHTQxkrWiXWMpOSblikbCh,$96539.83,85467,86709,77055,20274,50771,60835,38824,84489,6593,67504
OEMNcadQSDCbNDevRkruEiugjBpd,$5580.97,61017,96398,79611,67918,13287,62560,84720,89560,53406,72602
adrKBVSaSRQsAuz,$26326.96,38749,77381,59758,27923,19030,29478,54903,33685,13236,40848
YYsYFKYHYdoizTpSxYNAKYpYGv,$41206.00,14266,49756,52459,32249,12137,99202,63314,46731,60883,58066
IYxhgtSnMIngWfxQHotIiJRbtQ,$46242.89,73238,44598,14947,61151,58387,20777,7216,80641,50412,67239
