PQaMphOLqKsfcUihabxQtQ,$45170.62,66543,16688,81208,82162,31295,85541,57514,31626,42288,36404
MuvpOEVOFtfyKFcMH,$87264.68,63957,16724,53314,46119,14672,38855,3633,12950,47795,6689
tXjiMneBSXHRIMTUuTfMEhfpDkRb,$52268.94,72328,42039,81759,28286,22949,43490,66153,59443,77666,28120
VDdqzWkEJolOEPYwqPREbmc,$30970.88,96730,71647,65229,24046,64164,4231,85310,26929,49318,44888
CdGQHwqemgWQhjSbChTF,$16255.99,84324,42249,88351,96360,7758,51217,24466,18055,7366,58573
zGxnCSlElBnMkXQzcAnMjnWlfUy,$16894.93,43805,36917,82093,95164,67194,96762,27323,40644,40234,45200
NkiSFgUJFDNLjEUHiHRlioaHBMiPnv,$29616.79,63242,97380,49995,3482,65773,86759,84946,58307,97546,88621
jvUBHdpHkQTsGGoShTNbF,$97232.97,71607,93440,35137,96567,90986,23759,6990,85423,60714,75553
AxjHHbcAhIobQior,$75675.88,16562,26770,76483,18352,23337,34221,8763,30228,19644,69377
jOAtwITyjbHxB,$4211.00,60170,71579,78905,65765,90676,86430,7490,82206,30689,71124
SmgoGLKINJIvXXvGlBFJkfRpozG,$35649.94,37959,54321,14769,57423,47218,84932,36726,1198,54367,38369
DrWoSCxdhqtUpzFFvaOeaMs,$99353.66,88219,45037,74611,93240,44840,91663,51056,60384,42069,24806
u)Y|#^h&Odo0MB5OU0R<B~t8XAOW|ARq1,$99353.66,50058,41310,91660,61286,:{<&:%&$%,36399,28935,40619,90502,16844
zgnwRNoIXeKGKtDhpwrWyqPwyHnfLJCmpPIi,$24479.94,26147,32936,87667,96647,31200,65077,10863,95873,32060,60987
WdaEQEraidpxlxBINCJPKv,$54866.87,49524,60869,60243,48236,88508,10035,10982,24939,60740,60591
fudnxtLjqMRfpCuzxFvMbYMDjMCWngatBDgyWrH,$74898.46,42160,11313,23255,95750,66587,90921,66199,86232,41615,64168
vXLXuzEuSFXyeuQmHUmYONlIncxaUl,$61532.88,46890,58799,27361,53453,79160,28721,81671,70612,4165,50912
qRoxnAVcohkckHBftbUcLjF,$30176.89,32127,89982,22601,45626,19532,24834,53268,61586,15801,66264
RIzYKeRlaU,$44284.93,77046,59066,27730,93076,49379,27681,93266,81406,17664,82519
bMbjTHzLQYkbDdmDxjLxBxaskAiYPqhrC,$93907.80,33641,53655,12301,16026,18615,70895,48851,75114,24674,80555
crPdpPUzPCXgSgxwnxSdXBjW,$55547.82,66771,67178,69873,63275,88274,88148,46417,16286,36714,10579
