ewRSKRujrGQLt,$4922.98,84898,36264,4905,90913,97051,97983,10222,30943,97378,25815
SDakXIBezn,$50234.81,59053,33423,4129,41002,60248,24258,78236,11898,60422,49793
GRnySynLBNVawWeWJBYAai,$54859.89,50219,11315,58414,64647,90801,80136,76454,62854,22267,1618
aNVxKzTvcSVB,$8873.98,52478,63286,78177,15616,49649,48530,69937,94205,93154,26428
TvuVwucwbVac,$80548.80,21033,91764,96231,82701,91329,48709,45987,69506,30977,95536
IgDLExHztetVBvRbWEMzVfbzaOhr,$40689.98,5247,9440,82639,99042,48458,87090,12237,37447,32835,73861
twHlxePJDlPekPS,$3298.00,78692,61622,69025,21310,94372,64531,87733,47329,97619,40450
|K#rz.T5Z<}qGW(,$3298.00,2706,{:{(<(!<!,78467,6735,46326,39198,22901,27593,65912,79580
VJSYvllhYtONMDfDOfbLEzAMxtjNDIEzsxXNi,$32381.82,15673,60087,56486,2007,68274,34309,31817,57866,86606,99475
TNWshFgkokJGhiUqrpXTztJLTDnaYzJsnhkTMP,$93885.48,24198,22372,32334,63863,58490,66470,81318,59043,99285,81098
rDIUqItQtmDAwyMnconqWuLzs,$49890.72,82091,69762,79729,30745,48611,29423,66135,4330,78650,15161
zNuxbHYpvPmPBmIbEwhOzECLw,$42587.82,98386,87250,34952,15350,22909,63650,51492,94076,28642,896
MkuOwdPBYwPybsJWyqgAkLBrnYaWW,$6281.99,55207,89247,53483,67334,95518,32190,46633,54928,40469,72733
imVNNgzOWnOWJlUkudFSHCgnzQIv,$19387.93,13360,37713,48049,9068,36778,31115,94051,61299,87641,24821
WTkrDeuIWcLepKUxgVTGFdDcXFyIg,$6694.00,12545,6170,77734,14961,11351,63861,21742,31232,92204,31953
VIOeqrGjKMFabzrcXXN,$89237.65,35139,18219,63283,98900,6613,61168,57857,38467,43297,5960
fvAwcjhoOHP,$11274.96,10679,85103,77204,20628,90963,19035,17996,25546,77374,77350
WuIMcyBAPNWUqwEYVtHxPLbCinTabHTydclEA,$5554.97,14818,84186,89576,2608,79254,68145,70544,85993,7587,9184
VVYJxcTOMhqDCekjFthKeYeFibNfKzGgUFP,$51048.67,64835,42790,3909,17398,1917,90563,58180,50624,87996,90845
kreIvjRVXwGW,$90850.24,29086,89107,53356,31727,20694,96046,35536,37993,64615,92751
MbXMLpQTkbLgy,$95866.91,1067,94267,63910,96706,83374,83918,28433,4069,46717,30621
