oBgTfWfWhixlpC,$95261.81,56752,41928,82714,86549,17371,78945,48364,82736,95433,26383
SafYTkVzGCheNVhceeGgFVkpOUWDEHHWhmW,$46354.97,79747,38799,54133,94508,56258,59699,80212,73522,88669,41249
NDsKhwRouaAQBxjccEJkoMzaUsRiQG,$87177.72,22689,94595,9430,16120,19584,45514,94942,68917,74410,64532
DNjFRsPggOFAhXIXeNCOlQfEy,$10274.96,38325,54145,70924,21382,38600,2923,58947,12895,35084,31487
krrmgCemGCwzGM,$99964.36,98548,23043,37634,36873,43840,75211,24908,82340,78034,83755
lXyvOPIVsMHYOeYvQwpwefdPJyKjyUDJscF,$43914.73,13311,25541,68236,7648,65031,73803,74120,20971,29248,26960
HeExndHVbCzk,$48317.89,44143,49065,42576,50527,62276,68017,18764,36576,99701,59219
IudkBiOYURgRsIQDd,$62849.62,82924,10881,51054,204,39809,19072,85520,76286,18773,44739
mGBxijLGfeMWwvNzXgtDRQneR,$11579.98,72450,29253,60410,29464,48176,41304,91180,58249,96899,26084
RgtjWHMpTMblAM,$68824.83,5017,70045,12617,77367,99198,72928,73484,14127,80884,31416
XG48h8>S^nzd6.iIIT5@Y7<f(eM%,$68824.83,77783,24152,68904,(#^.$!(*>,13509,12335,37932,10266,86826,50863
foJejiKaYtKwXcnNPFjKUrzVFVLmYbAePkI,$91972.91,5389,16082,41227,70802,24474,12656,59635,18025,43529,7698
GNaXMweIiPHIqmyaUWrNwHaGTKs,$89360.30,23549,41076,35249,34606,81818,47735,42947,87376,27972,66713
LMxXLXsIpgfxFlrqDLYymoFLbaiSEmaPyWNkU,$49843.68,53022,43098,27977,42395,96354,60912,21969,90686,29097,36049
rQoVCNLbLYLgEfQqdy,$47424.77,69776,81051,42799,30688,69672,237,59685,72373,477,4602
cripDIbCuiHYyXCXgPVVqfsDLJhbxdG,$8901.97,71609,8069,36269,53331,45513,65621,81399,52732,42776,19017
EmlFjoLijaVHXljPiRGEyAxmknVJgx,$67594.98,7967,90516,1311,59911,17046,92128,93680,89695,94024,61118
QFyveysqIFLsmkgXtfOMSsnpwJtxshp,$88351.93,22632,59411,36603,62171,30148,42003,68776,39992,80007,94614
mwxbjPTVfqGYNyF,$6421.97,6681,93545,94579,39190,29138,87563,36897,94498,15805,9752
VBlJwTqepaeX,$3134.00,54941,95148,51640,37342,13822,12773,15300,17131,55466,66491
zzIvslgJSmcmdQyJKaPjzbjFgaUNYMpynXT,$52387.77,67209,53414,38181,657,54299,23479,50448,63250,23035,56684
