FzbRXudkmIxGjDygbTo,$9827.98,3627,49596,34174,67714,2862,94728,41758,17539,13848,64650
uTekVTInriu,$46805.83,88421,96305,53326,91183,57785,94985,75374,71533,26387,38468
fMwAggOyNIaEqlFd,$53184.79,68101,12725,92145,88080,3908,49930,49817,45935,88115,76104
YStvtAbiyorySHjYKLliXUqIaKlXwYEvR,$99530.77,94504,36271,93560,75634,20750,7882,26754,5633,40888,77979
jlnecwfMhCjGiFXhWJFOECVOxwH,$8671.97,73638,45485,84015,27293,17708,45527,24858,39361,77572,92006
pSh&ZC$Ld.up(J]MgU[ZiK#&F,$8671.97,80700,11820,95387,50192,78887,32547,55855,&<#%!*#.#,45241,15516
FlHJwMmufV,$67190.73,32447,88374,4291,20781,95797,20687,25958,82108,69529,53643
hwazdIbItjRPVDJAzSsROWTb,$65897.77,65409,81554,48080,62153,23596,57175,82763,16968,13771,13012
ePHztrAtKSKYPEaBFNA,$92741.70,30957,75504,5488,80372,92372,85811,93284,12423,81429,78248
hIxHciamhpRGQxvsqXjeLrmoXOnWVddCLAknjJz,$2387.98,90463,11958,25231,83502,55740,62432,61062,38939,44855,18084
btqJeMaunEVY,$80886.80,52202,19996,97996,64171,32854,55211,76029,24738,38713,98421
VDrHzRbPcE,$46052.90,56648,11085,25005,11859,53766,49643,50472,18940,3465,16899
tfWLFmNJoPiDWdSlyizkeyKamJBgLYDEE,$25015.78,72497,95157,67619,6144,80546,99185,29920,52083,75200,15004
FcoJAyJmiKtTJWyNXpyktSLnUQfbOHf,$2672.99,8331,10852,91032,46312,83920,79888,93128,72169,70523,10306
uLHdkeStzvHfefElWtphoIrAlVnBqxGKjpnSSgm,$87464.48,90952,61294,45107,55020,85566,71510,96331,11917,68518,12726
uJArXcHUiRDxgwPLiHNCF,$18041.89,14849,90446,59053,83268,69825,7974,6579,11810,11223,30968
kuOsnsqSoFExoSzTnCbYadQcP,$59399.85,12701,14484,89962,32611,10494,59936,94195,92166,71695,26917
SjamwcMwdQnEGMdtSPAkwwtPKsc,$72411.80,72608,3734,92264,3246,91462,16633,26841,54284,72425,690
YMUchnrhxnDqdoIECgxqwzfyXwNtp,$18705.94,72645,58990,310,92938,94022,69402,27915,38532,61300,54522
DpMAGIalGxhvQxpRlWNB,$65447.75,38883,93275,16947,183,14550,2609,36936,79476,9815,26309
DGalfGGveVoPtBQEyALdFQFJ,$83674.60,60258,89831,11340,4679,95071,98748,47657,93711,4911,79927
