CvkzFHjpAhtt,$44416.91,32874,85252,76896,20289,53176,1226,37304,45646,57823,25248
dkoyTnDBwS,$17974.97,13431,23920,46020,29810,78580,45546,15063,22228,65735,68139
QWQjItTWRNkUPhnsKYNaCwEefpgxhsJxpbHxu,$78929.99,86587,13495,75132,59396,54019,77946,87000,69047,94092,5276
BKQHIXaRVPSdnNeiaSnhXYCTvXErvkSWvJEe,$60083.97,36406,90603,98546,78553,25714,90121,76073,84502,30579,18549
AnVVlanGJGDfqHIXlFBFUimxsBawdjxDwSYHSm,$9702.95,59293,67557,21931,75272,8946,35675,77672,64869,25345,52181
qNEhGFvriIYnfDVYcDbtxqnkwpGBjLQYYU,$32852.84,79252,61747,13008,10232,4431,60623,4532,66437,85273,62892
FiddxkEhvVguqnAroWYySvosmCSiSoAXwdAtnFA,$34602.88,70331,6569,5627,1122,88215,29559,77718,64956,99647,64546
XExqSxoOBpioUJxVQbnlEwtEEbyHvj,$23233.92,81037,39970,99469,88290,22139,45250,51987,49436,74351,72501
eDGQolMHPQiNyExVxlQHRIgmCtpKBcq,$34067.94,70507,75824,62716,24640,71709,77691,62846,5485,74899,16522
mTLtlTYywsnGTqWYvtv,$6264.96,53430,4077,54021,7432,84448,7932,63354,59000,52533,33298
kEziDvbyKdeB,$44463.93,73623,75950,13453,27053,46679,34126,1137,31127,8710,64391
MnvxrUfuqgTbjXckievxTYolqQu,$47820.82,99659,96670,5585,2711,61824,94490,90981,96392,81226,21317
qygNBPvFLSYKGJbxfgyCwmMiWp,$90200.20,97924,41156,74020,11462,39267,34922,94989,80049,64014,20450
GQBnBdLGjkIFVvnSlcfXONAAdRMHFEy,$1027.00,76674,19361,14064,80629,62268,9888,78823,13277,87250,72820
aGzKdtKeBoBWFVPA,$58283.76,14528,46205,45161,61809,8474,21701,40632,88303,8951,80105
tQVDTqoxrCzNivejthl,$58743.78,32124,71498,75414,87079,47101,55519,42688,40589,43739,11186
ccIASmaGTUKdosNnHPfaVkHphzeXiPskrbkknJ,$75275.75,29245,91279,40930,83646,39018,52599,87944,21538,63044,30493
C:i!nXr<its~Q!m1:ohn@,$75275.75,.>#&!:<%@,20044,59477,34187,50084,49973,52138,84134,62071,60904
FBFaPUaFvSpSsBFeOCKLxuPxfKrIF,$92106.79,35510,47457,33081,78446,17462,45656,5109,32684,94684,39983
xkcbyeLkbFAyklPsq,$58005.99,42433,20266,78864,59796,32574,83874,59132,93911,90509,93241
JsbHVmSXRSwBDMTTyRUIdGhvEXqh,$11881.00,9531,30338,79163,54344,29836,75381,58626,94242,99823,50093
