GRAOaRHOsAztH,$75258.96,72303,84312,80608,34111,76723,37176,40835,46638,96307,18078
eqTkHuzHLhwDhvXpVajqgPbsTWoLkfsoULzC,$12683.91,82945,51580,52805,44958,53815,6517,56742,3653,64694,74233
oSvKhhvLYJGKII,$72015.76,37856,81974,68001,90562,93584,21816,63731,17078,92021,28426
nyNiJvpfhoo,$79056.80,12460,37685,29058,11489,54106,66814,60115,22107,24128,53699
KDcUypSMxcimhpa,$9606.97,73943,4696,37836,69653,82737,91842,36467,42852,80601,27248
uCjwWilPUiSCTzrTvvsoVim,$64057.57,73716,6289,35131,36919,64018,16791,37452,24344,81189,66525
WnnPPhOhblC,$61873.76,30448,92794,78592,38332,33262,51533,73363,36833,15551,90055
jaaOWnBmdIcKJMnCL,$78573.79,87424,35258,99442,92408,35172,50975,32524,71905,66426,89231
xbdLyrnKTVMEfYshLElIbORzNrhJFHMCi,$52748.83,87419,50396,48604,36026,5028,85090,33164,24300,68705,31495
uXdjPCxGjG,$16816.89,50214,59338,3248,22086,90125,39930,777,44296,90226,16033
VBETJtvDrXnGAKMjQyzkmysoDirAYrbv,$57621.73,35809,96464,14842,56357,27872,20092,62697,64574,34818,56448
ReWPWltfdTETVancOpByUShO,$12985.00,8932,48847,54803,93037,36899,38304,49249,9350,51062,1097
bxEdmTeKPXSepJVRSjETAoLojXHhdFyedeG,$84846.62,11448,92806,96490,89182,54327,51016,35438,35199,28997,26113
WiALQytxbzVfczLRXV,$68960.68,75990,96455,63965,2103,35383,46429,34290,99396,8744,42798
NhtnCXqdJHbgYlKInLTCdzONtXgo,$24209.94,93593,8740,91458,42089,71730,66138,4808,88877,58939,41052
kSENstBlrizkxGrUG,$5045.97,38866,19767,95855,10596,52557,663,66125,11496,41615,56202
UWxMPYXiGXRfEIaKuTOPQCdQCgFCixmdTJPJio,$14160.99,29351,50895,88390,69970,83923,53820,73197,27547,71708,43738
t~5L)4EUFA(dd[e&zy4)MAqM6IEvK,$14160.99,67744,55795,36452,34220,81422,{!.(.)${{,72670,86576,42087,29833
nLzIxwUPncUFgUwStfxGPBvtvaA,$8303.95,78853,95607,19838,9446,4761,98280,74073,60675,47110,51505
wocDGVdSTzKHXyORmwLIiNaJWWxKRpqODtsKpV,$70278.86,7871,2051,5890,96025,50102,9397,35945,20170,91656,38124
SHFrRxGjmJcfuQAxY,$95477.63,30294,71161,60351,47048,80458,62949,67119,38867,1073,76996
