pFgNEKHwDWeuzMewIgtG,$55328.68,28223,35255,58434,26425,69392,56684,53773,91268,28468,59445
PXCTtcgxyodRUVl,$70878.74,8655,76196,90948,43811,1382,17373,79855,24719,37799,37876
BAhYdbREGqeUSvpOg,$50458.66,67831,50246,29717,85105,30101,21088,89556,34629,40827,53452
gSahLfnBIHuDWJKWleNLR,$84011.66,81577,40776,39092,16207,81503,92444,31150,57504,99672,36581
UQcwzJqeHzoeKsrWkjsObw,$60422.64,51231,62820,41672,99343,17319,79943,13971,1653,99226,37328
qsWTCOlYYTsNVOzlnboUmCsRhRTLALTr,$91987.96,45072,85188,80041,61479,96120,16888,15744,60421,65965,81847
yaRmUeoMVUepHfB,$55965.92,69164,45517,19884,52705,61161,46958,18670,9761,30695,28901
ERvIgIfcMTjRvkNbCVLAzccuQWCRJisNAnVgVbH,$19659.97,28255,71948,76334,14321,98249,23874,86397,85712,18271,77143
MpFAPtxWpXEXtValxOCAzgfjMLoI,$51746.90,24731,23193,49400,1039,5756,2500,48176,58213,34830,45540
VyfwXKBHxMVhC,$84493.90,38987,73562,43057,76241,64946,66151,92294,32637,38559,94694
ugJwBHBxgmaNkmJQOcUSFBamfgqujWUdCez,$4609.98,2460,49785,68749,96194,88241,87945,36180,31597,71737,62436
YSHmUYUQwf,$94212.29,75482,98465,35405,63924,48576,93755,58286,17688,43540,93687
lnhXpmqNExbzVvrtADzURF,$83755.91,86967,19254,6702,97159,12941,20484,95593,61226,3851,92276
eyqivrIrNzKNCKjuPIJWqkfokQYxIhznfpUAHD,$50346.80,18872,19920,36701,64491,71406,88879,3422,83861,30171,29220
fffVDcflBRqQMRXQksTMBaA,$84464.26,19942,5892,80822,80020,18786,18459,12627,3710,326,32215
SfpkCgTvzhWAHPBKImOsty,$26943.97,37752,77740,68817,47968,27052,36671,30459,7918,86876,88323
lvdxJUqiaULWlzvpONYTQldnsnQwWBP,$29962.99,61068,2149,86991,83661,25674,90706,77337,35644,16489,45866
.4U`}9UhZjy&;Rb0)h3j%,$29962.99,72263,52047,49246,96854,6196,71869,/.:/{&!:#,57356,35814,39659
ATLzEFLloMJWXKgPdEC,$12725.95,22756,98066,22965,73307,39584,83020,4480,8634,27071,27404
uLUeisOOjstlfFmCkiEgpcRUywMUFKdaV,$89945.97,8707,2121,61556,56807,63108,60747,20852,61334,42962,90845
BeXItaAOXwBSBMvBisFMiyggJtPzKLR,$21197.90,1725,69272,81582,53111,28214,18953,9443,31837,48186,41035
