aUBVNqhbpsBJuTIhDSmncqDij,$20605.90,4077,74981,98131,78331,55071,78494,30093,6730,94318,97216
ddykGrVuTmXcVUA,$55874.87,63644,44729,76645,38625,42860,54977,60349,88007,84970,66979
nmhqkQXcMsVyPxukYQSWnNokSLzNqvrehXu,$11192.98,30167,74478,96638,90694,73351,79329,78864,29178,31911,29528
uazjazVTJHEmQcCMjmVQIUtWXC,$42148.95,37407,2538,39455,8220,23342,20453,88767,88781,17613,98362
BiHpsTlIdFCadfHXjPjhYTpheSJxepCGykvqEG,$44154.73,47269,18683,36194,39390,81906,57662,48573,25730,83189,26946
lTFuQJKtPIelYIrxqDzWsGLgwQBTU,$3972.00,43668,55456,94215,5405,44918,33452,50630,62841,18435,68454
dNxOhXMAiCQGvGDhCLYukShfebFbHICkVaYd,$70.00,21106,94537,93044,44257,24409,52728,90577,86175,42391,57733
[[^)S/qjc<AvE,$70.00,26036,!#(*:{*:^,35519,33598,83817,19733,31762,29465,84903,59930
anGncSqxFLxpEbGOdWxXsTeLFl,$81900.91,24026,75978,43284,36598,5724,72025,78694,34892,97589,34885
fCwtfTQCmLgXQrLPBDKLHMkOhXSHyuYdwUwBOM,$60763.99,53482,74883,48184,9519,68670,59441,56134,38435,80635,72596
xEPvyOyUkuVYhYAgI,$25953.91,23983,22119,90819,80017,27207,71455,52614,74336,78558,53770
sOcQjmlFKREmxNMsxYQJADJYRJJo,$3265.00,97650,97646,37087,75431,38807,24954,13395,69282,45650,23196
ISwYCwDLVUwFJCf,$19747.91,49968,70912,12439,25399,76371,4045,38694,45654,49595,28542
kqhjsdmfYHbfQdkBfeOWvPOOqzrdA,$13206.98,74342,42178,56475,61567,24730,86950,19704,53025,42825,54113
RDXgriLLBkkIM,$26318.94,68998,50503,29084,92126,78723,20467,79076,65079,73392,21901
poOnvFUGsxQCFE,$87643.85,34224,17077,75272,69874,34233,4356,62000,79608,24723,41077
ptdEirrDWLJOIbQof,$65555.59,82413,48252,17819,19040,49137,88727,47692,28745,80103,55421
JWcNftfiPqrfasVoxWDxpVqVuNdCiFcrcDf,$26334.96,91212,25174,37276,29212,49011,70858,84698,13392,94799,60962
staNKWjXzlFEMWhqcNMLCYLIrmgfACPswP,$77312.88,28762,12653,83742,75593,59848,92129,6059,9188,59077,54809
PuNOFVFrdKRfAlbQRHChL,$98667.70,40436,52812,36099,99413,7621,3710,5024,13342,87610,48639
yiBbSuhTfHkwqmDBbKXgfa,$12641.97,84311,44281,75654,51278,38799,11206,95516,55164,85311,41176
