NFouWsqnqcS,$19580.99,44581,67616,4277,69848,39569,85462,67590,17361,69489,5945
NQPhfUvYROpEEQWxr,$20570.90,45000,61354,68663,17597,2051,61569,23779,70565,94415,9369
XlUXER*O$|K7T%`)J4n7p,$20570.90,77229,89822,22639,18806,40218,49933,40908,36529,:>/>:%<>*,84258
fKzMxzWDWAxVlEmUoaHV,$30189.94,66957,90173,95125,16454,93451,96667,58135,13427,9874,69599
HmUTqioeHWboSujwfenWgQvSTFEVnSUvfPOUxCY,$64752.84,55791,27376,71992,56401,26067,14843,90620,14931,52718,41294
XliKedgIsuDqXCVWdppwSEVagRNy,$16330.95,54183,44737,22517,43339,96915,74478,46405,27443,76709,28407
aNaOeWIiSiOKV,$51123.53,77542,14008,33601,31725,25397,56019,74964,22312,97149,88021
EdNernSUkbdCJRMFFhweIruCVGv,$91152.95,72685,53154,72377,12464,1654,4238,57448,66213,40596,42135
jYxqUbyLVbHCVzkDhvpclrKtODCOAVGJuEz,$16682.96,87282,74149,99307,53634,93311,12770,87142,57025,98719,73804
ntFqHFmpOGtovyLVaJEDemrCAaqQuVSHOXxxDJ,$37705.78,46884,44626,86001,37363,61136,3543,14881,4460,33656,79440
sSJzIHXFKHrcyWHJAyrEYEKdDjKdhI,$59322.73,48118,59475,70519,13570,57572,53490,11955,26640,7174,55837
EdeIBItFmcPOIyJHbnGKYCb,$56305.91,52131,16328,32366,8938,59635,78091,49896,70642,79040,61106
StxHcVrkwfQietIxAppIAmdPmB,$21573.84,29029,87462,52371,84921,22109,23946,76128,53531,90724,86294
atiTcGTQvcsHgHTh,$90178.23,75043,94172,96254,63804,18118,72382,17336,75495,25428,55832
pMyQtRIOUAWbiqidyXccpy,$41300.83,23194,8046,61260,45679,28098,4195,60138,59668,54065,68585
umpUjPDayGyw,$48526.70,53984,60039,16215,19783,95871,6061,94381,23884,18392,22480
khuiBPvrkeh,$24514.91,52398,25418,13358,62654,79302,40049,45521,65738,2673,51483
YhrHsyBAArvRcayPDEkGGoKTAoinz,$69859.64,21228,97058,46010,85831,246,41288,39859,30582,50409,55172
fiPJmbqSOBMpPucODD,$61751.77,83349,54259,21319,91289,94019,18553,41699,15943,5001,48407
NHgOyYDamtpGveKyqFTHIGgWKeqWboROwx,$42914.99,67236,60867,54288,53622,34718,84676,87209,32584,85751,89223
OUQLFuBdVpukl,$12610.99,52372,52182,2874,75256,49341,44131,18514,47871,36817,48882
