mhFHWOCKPTkNxNc,$91695.94,10895,75539,58648,87505,6181,66676,16439,28072,3967,63440
VNdDKRFvhYFUxSwLKxh,$13221.92,39976,22623,5124,6652,38962,99748,10520,69054,48187,33239
KmmcsikrNfOhcbrziIGDiqJlW,$10189.93,24545,14935,1527,82156,70375,9001,52378,29828,95469,55901
gbaMeiDNuAiRkJ,$75168.97,79670,22516,90592,28578,59543,99493,47608,56024,94962,3509
BsNOwVRkPsRIccHXXa,$71041.85,96511,58719,60786,56055,24964,8395,78731,19927,78456,56899
b;q69h`}k%pmJJD>73iqON,$71041.85,98098,30956,41188,93345,{()%)$(<*,81569,61845,60704,83088,67642
BijTOHVayUuYExgUBF,$15879.98,42837,73163,38219,54070,83076,43792,94403,96609,32132,60446
ImzgRuhxNhiFUA,$48711.77,93747,54876,87296,31967,8946,37125,75659,3349,33734,74443
PwUOcMIjKwrSBLSjjlMPUnFEuae,$57953.92,60535,12611,21448,32441,87895,73938,87214,36057,21350,83816
qjfccpKMBaipGMJGrY,$45343.97,42026,1004,13293,47661,96561,94386,5464,22287,26755,97219
qqufwhodXNEhlrecBPYScmoej,$26244.98,626,10794,29870,28394,75843,75833,10792,32977,52677,26826
OlUnDWzrBjfJRihmcUbbfwNSQPlscuxqFSDIpCb,$61522.84,18274,99278,21405,56398,52801,87744,82478,27129,87956,86005
BEumxVGumLMpvdsVteBuHqdWGgN,$80272.72,12763,81168,55245,68581,25541,65722,90581,52314,34853,76557
VrMonhRpbYF,$80152.87,16071,46712,21115,45519,95754,31797,58182,43674,53695,93415
gCqLYahqnUeuNtUMyz,$52531.73,51516,77292,88204,14022,75741,13138,57597,96088,73206,93365
RdpQCwHPslJFeFRCEBpnTmvyW,$83649.92,96482,2826,62361,20437,17677,65341,38249,43493,1479,3198
BIKGMPyPuzEiuQdsnuki,$66603.66,37174,88085,34344,5305,91184,13346,48818,28792,25897,19318
HiBChgKBWntJHDskR,$44949.98,94955,77917,15652,66913,69101,95550,15731,97793,88099,1702
CmGftMpvjCOtkSLUKJGzalURgWnaRR,$36401.86,49930,44271,28304,22164,70438,9496,4222,7257,7870,72228
kwdJVNeOUccUttznWlLtKa,$96228.83,24623,22978,68324,32393,95106,52197,28993,93221,69268,95476
dRnxtORmiRYfdKYn,$76772.98,32662,63928,32505,987,96221,94263,19836,25214,87484,55756
