akpJiSlYTAzyuVfmJnDCtOYcpGeOSrssb,$92727.91,40870,90151,63450,39932,61801,59264,8394,76051,84679,19692
MnyPGnOicvmQOdIhe,$93464.59,9302,67983,67517,49135,96436,93433,24181,39239,44864,43773
IX[04^Ix/Bd%$Ozf7,$93464.59,77823,63752,49188,83804,15773,@^:%&^<$:,73380,5107,13313,1778
MBYFTFcuuBLrOV,$53783.98,19287,38152,42104,48993,89505,96804,75855,23551,68656,18490
OfiolBTnvNOi,$59838.52,10103,18004,56029,41882,37191,94081,50638,52836,50339,47442
LylRnPabbcV,$64634.76,24790,66624,35017,68374,51373,7230,78377,69277,63159,86911
qEEvVwhuHY,$54835.76,88381,97537,30697,33277,73034,17282,98105,64476,83806,99774
LlcrAlsqqWLLSshbQOYPxxPCkNrarU,$63379.79,82482,51548,97839,9943,20541,34677,78189,41078,92615,94612
DtGcjDAYgknxKEShhyEBEnoCMxLX,$55603.66,63309,38873,23522,90057,94898,21842,29779,91749,31656,32804
BGwInVnPabe,$82909.62,7590,83032,47112,97941,13446,10421,36814,3620,67131,98364
oCLqhnwDwJYjYakecxgriISIOBfdacwNEi,$25823.91,5714,34791,4339,27330,67743,97873,98630,47807,56199,83377
GtdiPQmyvyuvNmFcNqradikw,$33415.98,98312,94489,16920,50394,77985,78388,6484,45477,7925,7651
qBJspzjPCQ,$48072.91,82513,592,644,42529,32721,72820,7594,27210,89640,57888
jKflajBBSuqsDguUFTBhqYmbOat,$10398.94,25277,4690,79643,30504,64949,80554,76102,24238,19935,73395
YQrTxKVebUP,$53922.97,38849,75282,58465,75887,67212,29808,22282,97616,94657,2836
AEVweMNXJXtOyoEAxUvGpYMxVwEMSox,$79447.75,48071,2456,45959,1876,46121,80407,67278,40627,30648,66606
bAdwhsUupRQUEjjBCBUSYawTqxiuXleYMhU,$24528.84,49492,67863,59709,58831,17547,7738,71655,74543,70390,86835
NYDVtciWAufwNfMcTuhEgv,$31159.80,91132,24199,24695,28274,77686,2349,63092,59227,96670,96369
ieyIyDELiQNdluHrQEK,$96138.99,48016,58687,25237,7243,55357,21606,16492,93762,49564,69959
hhDsPUhSgbaXreivbuUKP,$14496.91,62164,52095,75573,38106,6976,3598,88073,84161,82262,73598
OqUgUeBVXVgntzFXXDRfELSnIalaMCxBstIMWJj,$88431.57,86345,49428,72620,12097,98891,12336,9671,94778,14115,25993
