pkGbVKeikzSgaHDmvNdFgAsirdBRPGffqlF,$42222.85,48170,9247,96928,46139,44954,98207,64104,15835,34127,29337
ywJyorPQThGaMlrxQDTAyajmL,$43686.98,81032,84274,99383,80567,16281,23443,50465,90500,42013,27579
zHfYTrPsHtLjsLReWKkXyhdJzquHVugvcK,$45027.97,33617,73762,39756,8319,69559,66713,64966,56288,51390,68619
huSkDsAxzxRfsuQMQRyfcdFUzQGAYClFw,$15452.96,24940,71629,38909,57234,9112,49896,756,21902,65681,14008
bkrgMTlHtBNtBPEhLjxmFNkBbzdGKUzlFqRskC,$53312.74,70228,1968,38206,52442,78746,99550,58484,26798,19338,2907
QyLUFVpEHUVzMFBMJGbFMEhAUrkWhIj,$75917.85,26981,86486,40609,25610,62868,58927,86975,57570,62106,73168
aDBgeHTjOTDhebNMkmTfFF,$28221.96,11742,25770,20264,51562,47255,85620,63476,99990,32517,91687
sabmeHrfUDOixUnercAmUKfEnXRQxiCPIdCMKTR,$8208.99,35515,89597,50194,1308,3797,5745,51967,31804,13569,66102
FCQUlTxXerpj,$75618.66,12310,83534,82006,93769,19049,38355,43963,86909,8805,49608
PLWDQAuMLNJkrczBQvXASVjiWr,$75284.59,88821,52644,86856,55784,36183,30411,96609,44814,23026,69271
SEGSgWoeWGzgOVxqtiVtinQm,$325.00,36337,47130,77732,71599,56782,76384,95108,18843,99763,29821
CxlBjrXjVRdfefKSNaIpCvrPrFMPX,$72654.97,42870,70582,94318,873,32239,46037,7834,58063,30244,73442
umWMzxvpzrgPILCXKQhKCB,$75337.45,33346,54084,75536,30243,94178,68251,19838,660,32354,71469
zGhaXoPgaRekILVKMjiyUisypyxiAiabOi,$5893.95,24808,4328,53685,70638,83108,79544,35129,90430,92562,35426
CvXlXYgIHaOyMTewVRhggSFcEQuFV,$59625.84,44624,50037,10384,86305,15915,63334,14288,67538,22944,68341
cSwXoNgUTYAw,$31224.78,5602,48950,8507,86564,93474,25196,63601,46531,41011,93587
OzMhbfdauqgplEphigXstxqgAAbfv,$85652.76,50462,24890,79438,64952,69981,40231,34930,14797,31172,11411
WkCfPaxkxN,$47820.65,78136,42851,96924,85019,44433,11721,16192,55744,45494,6005
M#`>JT1}x9%@Fz|J,$47820.65,84411,76009,36553,95101,)!.@<*)@:,73653,26512,30797,52547,38672
cMbnSFcImL,$70298.55,48259,49243,9366,29208,31116,79896,88430,29081,6270,93147
rvNGJjulVVzOBbxnmQRIHPCBtNqgdnDui,$27235.98,86841,97869,1827,59682,91448,42761,46231,45855,57599,99756
