VdgtHlcEillOjvMeCebtvwLfnMHRVLV,$11141.94,98321,7920,37926,71232,3886,64415,63711,95792,4304,39157
EvAcGKdSozcdaXfImdeVt,$4924.97,54154,28474,42151,59964,81097,41894,96925,21545,40991,80633
ntSmvvLtAvfdzBVMJrFsBfVAWe,$21994.96,55498,34058,10833,99451,76518,91730,94883,30762,25157,44552
lJFUblNCqJDNnyebTzcj,$38080.79,8095,41815,99002,2978,39230,90811,14182,78360,51652,60919
OetChkLkXyiczccBlOqglEf,$43007.91,14499,12251,3094,75318,67006,24546,9051,34798,29402,62279
KKykSaJUcLFrBlCgPvsdHiKWEhrUGRvQ,$51965.89,1592,99322,76350,93302,97592,73308,7904,48807,65142,53093
xLwASeLPjSieYzapdTQXoBolxJyUqOyn,$20345.89,75464,23043,81463,68333,61197,66535,55256,39307,58876,43007
hwRVxFGUpfqfuOSTk,$38749.92,96358,84044,69876,49066,43642,62741,44043,39809,66727,12387
jzOdohxzNKkThDrulfXFzvHqkfe,$14519.95,43550,56314,86306,51755,22860,21848,3086,23685,7404,28519
PXKaLVFlLiPCgciOTSDwRGQdnIPE,$39337.86,4870,74595,64957,18286,5330,85654,93872,29044,54288,98529
pFSLz[<8owlBOZPc>LBJb&*,$39337.86,35974,14775,#$%{%(/:<,25162,68870,40320,16436,33268,63869,27421
plJtbSaWMsuwHfCkGmcGo,$86618.72,6622,24993,85402,84987,21745,68095,31969,65322,50979,61578
cvnOnHKUMnFTY,$3690.99,87000,67474,17635,92815,45858,88363,7505,37515,79692,50742
nGiSahazuM,$41259.94,9253,94060,74323,25748,50118,28075,93122,67653,20891,5733
vCdpwPveivLjUgvTBeRLYboEyYdFI,$75231.60,51295,98982,18609,99853,62649,74438,25064,625,94752,15120
vzsaQDYRReQqhVadM,$44440.93,57355,35276,21646,23960,97825,62737,48924,65102,24241,30696
ebneRQCKigbyMWXpJcqOaLfnFMKkuNfX,$14959.99,21295,2885,97737,93434,73259,34528,79284,33533,72274,48186
NYpENPqsdvfoFaBkXqBaxJEOaphpnwCcvrGJhw,$27567.95,55626,80906,68780,80475,89452,89809,66359,97154,32731,40191
jCuYKJmhmoddumKqNvIUTg,$52804.86,74511,94730,85745,15656,1525,26606,7198,49959,13916,49323
sHvUKpGvgvqOPkUsei,$30304.96,26678,33108,40725,7246,49083,86536,69816,85434,66233,1528
rtSxOILetg,$31670.95,72591,92744,34953,61933,59569,60863,52699,86147,60623,60077
