DugNNLfOokpTlt,$23845.91,62906,78672,46598,70568,89162,9126,15253,72358,75981,60418
gftUSDJNoDI,$79626.64,45410,97274,1685,39576,11932,64491,84900,25183,35059,74062
QKfJYmosGhwQukuCrznNJbJiAbwogGAwRGgQsTJ,$90987.64,10770,46144,12917,51799,13434,65113,78418,26033,81336,40127
oGycmgdJXjp,$56330.98,218,70316,93901,51917,83650,59015,96987,76336,7103,37114
TIDwUjzeGITvJdSJowzvpzCqIvLlbNqvVurqDQv,$25178.00,98891,58191,47066,98720,97753,88330,46229,4285,66662,54292
ayMmaAcUwwLMbCHLbVRjnQbSMtuWKxylwKxV,$48832.97,65123,13216,75365,95517,415,70434,22638,53158,90346,63377
N|0ek$odL0v}FcTK3{i%gzWyKkGg{q^GlR{/G,$48832.97,8112,92447,2412,96616,88178,::%>.##)#,81158,45958,60956,83627
rOEymEDkXEHUxpuerUNUsdtJBnd,$82092.63,64076,81209,33454,74211,49124,76912,75738,39247,15601,83061
WjYAatOvmrOvtBzhcy,$7840.99,67264,70602,65786,95118,94569,28609,47565,69151,9262,13959
LoxnnEOMNHY,$16394.99,88947,98119,13082,92023,91790,32308,59288,29144,64746,54406
GWADPEOEcBRgq,$10333.97,28851,35218,24528,49910,58831,84436,18533,85000,86853,67668
MgjoXqfCKCgIqWMwahvHEKUtoOFr,$87015.47,98398,15106,32192,90775,90831,98842,27271,88037,95662,59726
SmQfiQmEYrOtkd,$22589.94,7166,89787,90796,6010,47314,48380,4853,74485,36417,67167
eeEUkNlVRJnGdyKKoFfmAxwdDSFcDRUhv,$99909.75,65698,56716,21699,53030,56407,28235,51328,36302,16964,56869
cCpNCMkgPeLrhdLNYLpezb,$95256.70,47134,32510,64901,30750,56031,6795,48203,40365,78817,42035
jIaYmmPSOBGnovsn,$26780.93,79810,62011,78697,2593,35458,93552,42858,14275,2340,2087
sJEevuWlvDX,$72748.80,4827,18231,74360,35185,66177,20922,63848,11626,23415,65958
pdDzIvIMzfGwPdzNmXE,$27150.98,57302,2786,3577,90128,16323,77548,91693,14990,90206,13877
YBdUQguFsRkCJCcrBdG,$13538.94,61349,91629,18132,48958,4745,8770,93321,992,16907,34478
GsIjCKmTMOAvQCgHfTLpiLvToeBISc,$56456.87,77903,23304,84726,49079,23209,90183,78472,28439,17464,31332
UpHzItpqFklTpmcioJijasGANyOyqy,$82827.47,31737,83802,6921,41113,24432,45859,83117,59264,46344,33272
