vFRagzVjmpJYtHkBumVcieX,$30071.85,40816,7243,78249,24312,17656,72274,36055,45095,56165,49244
gUHogIisFkA,$2976.98,98482,13540,13023,6210,54739,22545,36606,77200,43285,18582
XzFAUUotcpnqAEmrc,$64597.67,64908,35366,47565,87354,38624,91417,30639,23858,84884,82253
Xu/(PudT9VnC>@ahF>.WCNJb{PBn0sQqM;,$64597.67,23889,88952,@<./%*!#@,87173,26857,72766,99563,57643,74468,13511
okKTqIqknALPPV,$15927.96,31850,95800,37701,24159,81854,49770,25775,42186,60880,21583
pfrpQGEMKEsNLSSAWNaN,$56388.76,46869,40035,45185,72544,48873,72717,60779,74473,60003,29555
mOyRCIwuwHNOi,$6.00,89009,2806,62022,6705,2099,97868,94750,18006,28096,28191
JQEkMoXLaqCBaXclEmMWJsRquWlzgxqQOuAB,$81886.96,80130,39573,77350,76219,85829,42315,79345,34247,5634,90589
pGeGxyDIYJGOavjA,$86153.63,14863,39919,64494,23830,85916,65393,29364,76506,86400,20908
sxURbeqLKfLF,$61247.63,43281,47211,16078,73632,25876,97493,80203,57023,21323,66120
vXPnvjkrAmUQxfVIkJvLoGwRFEfgXLiSjyFE,$20892.90,48366,14065,25717,49697,38011,76613,81300,88321,35629,91468
lMIqrNwOYfii,$38247.79,20158,47816,40389,51229,90747,88656,31946,16464,5105,69857
zMUPeFDmWubSJzxRIAfvlkDdQctXwdovPjltoo,$30102.95,15111,17103,98848,20570,12455,40243,41659,73353,68347,10565
RQpKoLoChDlSXzGelPKpiQqsgtIPHHd,$19906.98,64805,65708,24552,44129,45308,24582,36217,26078,12590,30351
coYkEpDKjmbQtePsxzEd,$27395.95,4860,17577,19779,60390,43126,60673,927,2726,27752,7356
JgXmerBekvDdAgFIWHbtYwaYehqEsWycC,$78042.58,1454,53431,26620,87172,3566,10798,24232,23291,1615,30924
SNULMrlLUsBzK,$62195.97,53364,68972,39971,5444,37078,93303,31965,24251,63521,9415
mCKgvyAhKrsVmkxmVUjjVDk,$9008.00,9748,13918,17761,86617,31529,99109,37958,13666,70651,23970
cvqXYAAicW,$17923.98,48078,2118,71330,57727,82588,88992,11096,80769,54853,15706
vjKWEbuDcVlDSHHswAyOpGizWoWoDTszdCwHe,$77613.53,35071,69883,39011,61256,62759,9640,52889,83888,30456,92501
XEYnboqVgPyinhmfr,$30081.81,51286,29701,19609,12542,59112,95801,65332,9753,26257,24585
