SrARyfvreymXDlglhQd,$62764.85,18260,77362,53120,21326,77339,61961,22158,85869,65292,76182
VjAbfsEDecGpiRwYUqViWlEfvqDgLUjhEjHJ,$73865.79,28037,69560,3042,51045,7756,23544,65528,20525,11203,77749
fDSJyInfTHNbmwjvyViDkbyHLPfQWWEcbxL,$48374.94,90613,92006,52858,19492,64981,10782,17832,74303,86302,90479
DBcbgeBdqAIoFjvwlOlvDyCAPtYERJJVlLWQp,$9681.95,73601,9840,30023,63217,19437,26206,44840,48545,41782,24848
HFhrOCcAYsQWmVv,$38105.89,45319,30301,34008,64656,56408,78748,13202,98090,70248,68189
fHcTkDvjWLgIHCx,$32831.88,37904,39385,10701,71812,70694,67009,17313,50548,31851,87461
VslXnUBifXTKHbMfz,$68913.56,96976,12617,96361,68789,83211,63370,86002,511,61874,73463
mcfJOzKWeJqPrQcwrrAviCQpsVKkmueXVIhKiRh,$81763.75,64612,48691,37403,21736,57316,27566,71181,72420,3489,17703
QulmFUXaYVvHCFpvmCVjfp,$18526.97,82839,68627,23536,25153,10833,76107,31913,4500,13036,80937
NWXQThVIdGmDNFfyRxEpCqh,$8411.97,70851,26488,74404,39383,59283,70264,64872,70751,94992,49293
bUqUpxvdPYjiAMXiQRhadeUEqVajiHNjCeDs,$89721.49,20349,85271,12459,92902,35065,63073,68041,67522,38562,47378
sQCwhyxPgfdOiGs,$36933.96,86560,99653,32955,98919,59307,34672,61993,27348,68847,67207
hCwJadiWtOcVDkDwkLnGkBhioXDhWNmeqiNqLw,$2936.99,99489,91773,19245,239,1494,51599,23246,55301,72208,60974
qkcPikEDvAxuIvjzhpcpjIHrQoaDGSFwd,$16899.99,97309,27805,72587,70471,72738,70374,93334,22536,88689,7877
CDOlKFCaGgGzledsQNjidvAqBb,$96787.83,57662,29697,67211,6315,92458,5070,67889,56309,69019,65729
HWIlabcOJlrflhgmFWNsuriF,$99322.79,56181,22868,90295,16891,54102,42825,64132,32936,90987,13221
SyseFyPlwDDQv,$76109.73,18449,72755,68065,44030,28936,90833,34325,12479,11688,43802
|VFqMs2Q!Y)!h~g,$76109.73,.(%^::&$$,34789,56385,55050,8820,84304,36420,39917,96393,21338
KAjujlPNROIsaavhJXXHwPmSPNSFv,$71604.59,7781,10712,17282,61734,1286,7456,47225,31588,30048,90543
frDnBbKjxaUQq,$75195.70,37203,48520,24268,53129,22953,34880,37064,84587,36066,11172
WJafoQIbsJLCHMxXdGGymAwxFGKFppnmyM,$97807.72,77858,51129,63037,21417,20020,94996,670,83483,11078,72615
