xAdcrlnUYJktCOdELFwOwksM,$75367.94,78579,92139,52823,95970,3066,12484,67536,19254,19861,60588
sNpO%CFQVQP3tIoENLCYTl[EQ,$75367.94,23820,>(%{*(^#(,96641,26453,37294,98405,18909,59474,5596,58298
aWgrSfGNyYlCDWOtiQqvY,$14149.89,75220,59604,29506,85098,29409,58587,46442,24042,76381,75613
cukaSvDwSR,$8189.97,69348,53602,11156,53277,16090,230,5222,76407,26445,25485
BkLILWNBUW,$20313.92,42362,90411,86062,20170,43688,2152,20300,48811,45212,46645
tRYfakBNLwkTKVAOaBwTACNxyDvI,$13174.90,50552,81035,88212,23161,9998,87365,19430,91576,73341,92692
ikpUhpXdTBJArBDsMSozwkNwbczFObnxKcRs,$95556.85,16130,74474,92827,23108,65447,78731,61019,98108,46994,64687
SDagaAHzFWasuluLDKby,$49365.82,8976,87423,15506,69895,85531,62400,1334,1031,42381,53545
afqieVfEoYPiKSslQMdTS,$8705.98,14820,32204,56729,6747,21566,88217,52023,54323,33188,99410
ifblatpDgTITpILBJjDrKBFQoQMkobXVgyGFsVj,$95931.20,3350,52985,1724,37621,7412,76220,77158,68410,29186,98167
HnbyaKmAiihhPMz,$35551.98,46586,18238,48114,14962,55759,22178,91083,32918,90489,86921
MJqNiPYUQhCXoRkneGlfUanltCl,$71121.88,25321,52865,34954,46948,95251,81066,59010,31158,21673,85959
hWqRqSCOvPOKmgorMPqkysfw,$10951.97,95623,60763,3577,31386,31841,22367,26059,729,29483,6692
MotHfQGjlvdQwCjoORwlAXMemYpmHe,$89826.91,80337,6989,21231,46783,23484,99226,39502,10679,3117,42344
bNkMNIzrUXGhfkhydaA,$41688.89,84703,90550,85516,83930,96704,96095,53699,5800,55844,56793
jqnRqFnomuTWcsacSzMBGsnWkYzW,$5765.00,48256,66198,34073,76393,63760,38886,67987,24170,97298,65281
DUWWFwGVIfYPVxYgWlJVjObaG,$43505.76,26610,58246,12831,17107,68468,4337,86999,2848,94133,35822
nsgtprdKArLaYOBwsA,$72509.56,54515,41177,36523,89635,12166,23522,92383,72952,59244,16124
EhNuXrfXIrxhFYeYa,$35525.81,74494,13349,41973,97916,72384,14925,23912,88408,47924,38713
lSNcxlKoJsUiwtH,$32708.87,11806,35716,59089,56175,74779,12054,84992,9877,58124,76561
bFqkBJRmbuiWnsNMmGfOV,$22351.86,5438,27849,10538,36120,44529,29074,44077,28584,33439,92366
