ymaRrdGFQHRDgR,$18901.00,27302,54950,82444,59100,45198,98312,1869,76034,98866,65114
dUNvLQBQij,$28843.83,14771,16734,78292,3460,21213,5594,25062,3658,31347,70160
qnxybBTPwFgX,$10252.92,84644,55684,61775,99259,37108,78409,77551,7220,99523,49798
bcRTsEQQGRKVoQcmnrTRqq,$58658.94,90691,46820,27060,22873,16653,74757,91768,21760,88818,73609
QDSczHsCtFtnxJevhBLnkatkQB,$93144.71,66221,73462,27460,64469,28740,48460,82946,76526,61007,1552
jOHnkoovBywujMvlmwl,$99471.55,71698,13417,65604,14976,74324,33808,21847,72006,94127,26110
ksOftMbOvNJHbh,$73009.86,86895,32322,19314,52499,13950,60290,52960,35697,98949,47087
vsNJXGWYUsNFzomSCHzylzdJULSn,$74677.96,39385,99913,7311,58312,41480,66468,49366,13315,6359,64448
dBspuuwuSHtvQoHjBOKJREffwiNMg,$76387.97,89422,81405,85742,97641,51867,57393,47204,64632,47065,36985
tpBcQqMbIQgnMobA,$10120.95,70109,73661,92209,96881,55066,42871,56102,61092,16939,43319
vyhzaKndPXmpLaLeLXqwBmxlUvQUefBaDIYDTMg,$19335.89,47815,68850,30559,38735,1956,47272,88517,98496,19052,47922
SzPTYtdXWWKDGUWfRPpsVWIYgLXB,$44989.79,21036,96853,34098,27870,86369,49568,59077,58845,19159,77887
7K&J/[DUyJ2L0SVX99b#2Z0[,$44989.79,49496,61383,55551,53731,84136,26011,72434,*{&&&.@/^,26930,96524
cKTNWJXbVHtAOmCXzWPaB,$20490.99,37379,24664,22712,7744,47392,25853,39615,52403,46914,67248
QYbCBYCXoCAsildGKTx,$74265.85,72201,79646,55868,11817,32049,69435,45717,32920,8451,52424
MJMpIbRItAtVhD,$1365.00,18457,20322,68554,27154,71134,61003,1453,18814,25653,88701
ohLCLkzCVGGwVKOTjHmDIHoMFgMFpdcD,$65431.66,14569,12226,89764,78194,72456,92431,79640,71381,57211,75768
CynOcvVPjCv,$23595.94,64321,51766,39332,51921,20960,30625,33142,99738,20389,11337
nHhVWMzwaoXVKO,$76871.77,97379,70398,19101,16052,58011,49626,15846,57749,36667,27083
UyWRvJrrjfqfpEjcokxKjcVrFc,$47622.95,8985,32260,26119,93547,80625,4393,90004,12673,71939,20298
hAzkOJHYsJUJPwoUgjqKBIg,$88582.58,51221,66399,16450,83604,87866,34468,84233,99822,57973,52916
