aWjimNBqlrQHgvieJTGABJ,$78559.97,59091,69805,48545,54858,89249,99947,615,55431,50757,7317
jyoTpfbvBjYKDflfONTFLLcaAnO,$94072.59,4278,18653,84869,7186,68570,71165,49364,66198,83235,33180
PXYAdoowTa,$10699.95,57383,37801,83224,9004,44887,51794,46821,94151,84644,30056
XbWXBALQwFqfbqOjFJbgOiQS,$16915.97,56022,53382,74549,35761,86993,3700,3184,51153,47736,61016
sCdYslplmQkswvwzjXbXzndYgyDyl,$17933.96,21937,21750,6401,79491,91654,35046,53617,36802,18828,28186
FoOSrNyQQXcMyFlCICRBetkqoPYfupSaEHsvURm,$6360.99,30079,59163,58120,11946,79240,86165,25208,70973,88282,53913
qv92/fKdDV(Q$1h<CAMLPzvSSVbjXHK.lm^,$6360.99,90020,53247,56379,64276,36104,%{{:%!^(<,79402,89250,58465,20976
BMncQqahdkrPmaWcBKexCJFNAju,$69932.97,32046,31510,42059,60529,12321,72858,79416,28552,64942,78335
aOdzLEbxIXzsEMSnhSrglVRRdtNjCMAcCDBo,$19736.96,94289,99904,39394,4391,35086,94012,10336,89365,80677,47691
xjwKtzyTBbXDOFhA,$4169.99,90778,93310,57662,38207,7753,10118,99382,38426,65075,20672
VovWOSAdzhDVqoBeVjLilDesBeXkAN,$25451.88,22714,45796,88774,94480,74180,63233,55316,18522,22055,28898
LxuHggprjtKLxivxvHSWpmNOFhOgEJWPGrxNXM,$48819.75,67620,32234,77764,85333,63450,51980,97526,2194,89330,31788
oYPfFhcSEPyMVnEzltbdpWSaDUaqEojtn,$35193.82,44113,36836,51847,54640,31316,62646,10524,80540,48663,63519
mmljELnaLDezMxnlvGQVScleaWCdiLYTXJedvQ,$90924.57,15248,23751,3510,90015,71849,24619,14610,96161,49881,16466
HWlezNLlMFJxjMszpztVGzAArBbAWTLe,$88396.65,54016,82281,39272,91105,13923,64220,34534,79272,38501,16278
jNMcjSCKttLTTiNfMfcuWMoakN,$26033.89,96007,46414,55857,66067,94430,27876,12903,98577,73562,50925
LWCXdEsargzcTlGqvyUS,$87739.82,86308,20259,65201,51638,93721,16126,40060,36618,46129,94481
XvVXMcWowHUMdShvvkvuVMjLghzLdqo,$2315.99,36555,28974,90887,29681,24381,36167,9116,6699,13299,73492
ITCLkRMvBmSNjfwNnr,$50781.98,75133,19604,37501,77952,95272,44100,91152,68765,93391,97510
CXmukhwWzJgFht,$90202.62,47724,54602,34281,67229,92003,12234,62501,36104,3386,97918
JwVHiQRpMopwuUDNncCTtPKQafdtCWmmTIt,$22447.98,40259,78406,36088,76100,26414,9763,703,78657,73976,33356
