yzAdEhPskFdCrlhStAaDyhLesuOxcajAzKd,$73754.66,73494,4221,51073,44566,36019,20802,26440,42523,74274,66699
jiKqUOjODGRdpRCzVhr,$52297.95,64995,70236,99480,7518,11262,66179,2067,51648,30614,24494
VvVLzcdCrUFrQMIFpBSSYxhjJaEGbLtx,$12742.97,99753,20160,82296,50794,80709,38693,33699,3280,57314,66039
IurRerwKRIepQSXykJISrY,$86004.88,88252,10648,97671,12318,76587,29965,53149,11954,57249,18519
LfzeNetEwRChBK,$11949.96,37398,85901,83043,92302,96450,47466,4621,39789,77332,24422
cYpoeOsrslvPdx,$25820.95,37782,69012,47100,984,83130,51621,40673,60462,75943,92217
}hMY%rE7.j!*WRPB~KF,$25820.95,)$>))(:@^,71629,42136,71879,26550,82175,77846,32116,52349,52638
KApseFiftqtlBMjSKczDqwRqxequ,$51567.90,57202,84343,88012,78353,61210,41578,54712,45009,20313,7728
gXIaikYMbVertiiOnQoD,$14091.99,54897,52152,4661,28320,12034,22211,9002,22199,24959,83017
KGGpxAxFOlVCo,$25306.87,43056,13207,56040,39989,34756,8193,11302,62976,86779,165
CwEMGlTvITTOIEKKSHqQr,$66640.88,16045,75658,9475,21328,51288,1152,9628,80643,56757,26937
KnNeBVImGbtxRkRiQddFtORG,$98946.55,48033,82836,26223,183,37511,16352,33256,27422,73621,14838
dIElzIpEBeViHviLJmJHBVkTFTyvfvIienSeVH,$49182.79,92467,37105,4839,27493,5901,71804,69209,50304,41611,58959
CVQVTmbpujTHdXekgbWlhqmv,$86149.84,12695,37675,99029,16888,53119,41324,99916,91552,9096,69003
RXVYAtCKzEillyxGTtcDjyyzRJM,$20944.92,45417,78468,8998,77106,44464,54744,36683,92473,99218,62192
LVypEwnfoWrsDSxBszXs,$36405.88,22484,44964,74509,14958,44182,36701,31700,59154,62139,84675
xjAcXxuqAnNcg,$17544.99,12892,50261,29409,64759,9851,60197,47407,25887,39735,96104
cASYCrpWCB,$10168.00,39618,95576,62025,89780,24985,26784,66283,85082,40844,92070
imGifFKVuhYWnmEOXpwJfgsUjYxuFS,$17317.94,78966,64447,21370,55522,57749,771,975,84687,84569,95460
tSVDsuxXMVmsBJenrLTgRwjkebbaoCbIUX,$53941.93,32588,70981,51181,19790,12539,9278,94459,76333,82913,88801
MFEjOonpPNEsOMMMXAegmJkkhPsIIQ,$82714.52,44194,99332,28251,74888,99594,91321,93926,52572,92150,8887
