SGAxWnyxAT,$13985.93,7867,24846,9126,76257,24335,49499,12587,31926,21757,38201
NnPMKPGLfMhiJIaqENxUaJh,$23335.97,15065,34406,90574,22321,61800,892,19885,81636,36438,21290
xNlRtDopmmYiawOeahmqGdrosiawVHaS,$34268.93,93998,58533,78299,98058,69796,98042,562,62324,31911,59033
hDpnggcyNcUjJUdFGOTvo,$6865.99,21724,50912,25416,68718,38417,93379,3234,52516,9172,78105
tNCVtjKMeylBzminmOQlbYAb,$34068.84,49252,79154,86150,91491,27381,34297,47952,38998,19877,80905
ucmwBXEoKSfVuDVUqryNw,$28875.00,79107,32110,73115,11850,68891,24316,45397,65746,81013,23554
iHFNDaQAuhRsvNxoiVpvIgLVrETY,$29331.92,49374,1705,31009,29763,3836,68171,65091,69244,4654,14349
eNjbcrXrmgXxBOcwobnahmQBOhmrrElvs,$46366.94,11279,2530,56233,94016,38394,5593,24310,73226,10639,13853
xmnEyDgMkSeBx,$32702.72,22251,36168,87592,33430,38598,43825,94098,43645,16070,18408
lsUIfHoDlTr,$12329.98,69548,96263,75712,69630,1613,86189,63729,45158,2260,48789
iFRQKzEokzfFLAdVlxwgMiwPRgJidxgKdxbNXGB,$23131.89,6633,97998,1465,72564,65807,58014,8144,63128,90274,46659
BbSeyyobWqouWQccxqtEhhWwsVWlRoVSqo,$5061.98,82970,5613,22648,82967,70169,1187,45802,34661,24806,87407
mMKqlgwmXSGvxHOxBeuFLGgmHUKx,$26849.91,74378,30377,20601,28739,32521,46125,22659,5752,48843,31105
ScJuhfAslGES,$17828.93,21226,43544,90586,67251,32856,96238,16094,30613,34792,92975
nMTRnmdTQvUFmS,$40794.83,67096,19813,69319,63335,2559,66584,64779,95435,94158,91393
jhSvJmLghrszgzzKQfYLMADLc,$74596.74,54738,68304,65403,74547,67979,86272,39908,70398,4095,20075
fTlKtkUJpTUcvyoWECRAgRfrKgMPTNBy,$72258.57,2249,99622,25103,58809,81027,46166,86041,23893,99043,19753
eijKzpckUoaOdBnk,$47713.89,52601,90031,179,5394,13924,65875,91699,75183,81140,47035
YqpBAKPazSbnDOjoyJlTI,$4808.99,60176,83994,35999,2111,31887,82934,98122,32657,22440,40392
rNSrnlsaOGJefSOYCDBDzoOMPParHdtYQmQ,$71199.71,91077,44911,47386,63274,92611,6367,58444,91700,4254,99865
nikBUbsuRzXlyOyOSwyXjOlAkSgfCpbqxmrRMj,$86473.67,61381,58799,78494,18971,18275,63666,4451,19059,6668,1494
TuuazxObnmnE,$77356.97,78852,18235,19443,6985,76934,97838,25857,61861,28256,96860
JhjdBdCAArBNdotGNHWrfwlKVRmmHIT,$68743.86,74930,67194,74524,3546,17295,8269,28131,52501,83171,82720
zvVVnAsXKNpwbWguOU,$14841.97,67878,33416,21490,83588,32857,60191,29239,6638,63489,14911
XUwDqLyNwkR,$6641.99,32890,28873,52536,39944,63403,85852,28087,13743,18709,88178
ijXHhSEKIqJV,$6022.97,55143,94215,96892,3076,97942,47418,14313,87521,25930,39193
vwKHtqAIYEgyRbIzJKnhEtfKceNBVLO,$36887.87,80605,35671,28595,76102,80669,65324,17477,50801,27911,40831
bhjilcMVeqkFnVUEEveFLDPbhGODXlzYs,$43057.82,94463,72673,118,29975,33369,27891,10167,672,86735,67409
IFyPLnTJytiQCpTojsescY,$41935.95,97862,94854,36642,54452,99316,50633,3680,82907,80147,21679
YlFSYoKdHMdxTspltmrRrDOmdYclHKBgViyVw,$19905.94,3755,83552,9572,10093,28916,60558,57226,89795,94752,79315
tWugztiKBSmhoTGJQQ,$71300.70,17581,1700,51252,7376,63105,30568,88796,23417,93479,98584
uKvfLNQSdlYMcPvVdGRG,$27064.94,73722,95101,26810,62518,18518,20289,27855,22061,59691,48532
DlWuDzfDLhSieVOvdYzpbRYYReo,$17637.92,91600,32184,32796,46563,97798,37208,56459,87791,41897,93151
wrnzqmorEnPVQfAtSMzsWzVfFCzt,$93541.84,49283,27910,8233,80511,58565,60101,41915,48293,48908,26857
KpWlipXHHuHDanFzGiCrgwo,$99203.80,68205,84949,27811,27930,40475,81194,9195,61337,93078,51789
ubcyAPeAVmdMSYcxgaMpNBplgMutzbntBPRC,$42871.89,82679,36487,65672,59033,12062,45188,93479,22587,59562,46377
PScJLbkavlPnnuJPvSUJT,$18166.96,66947,38638,70147,13324,99361,5262,52876,12964,58329,13790
CVAoloBFXsBqMlKnLdycGkVxMgH,$79368.75,85401,34572,66870,8047,89118,26703,41358,43503,43028,83822
tzWfkJqMjs,$38859.88,35855,44339,42402,82281,64326,84666,34435,65550,18288,42382
PAbIjlBiHGsrWEaOXTdpYwNvOQNIuCSlCuTlfv,$38049.00,29697,87975,70169,11116,4754,8243,30621,57030,28799,30607
NsrDjELehfpJzIVEDqQgCTguxuKULpRzi,$62815.55,15517,99229,40775,83081,99672,76113,48324,81086,56213,78507
wqocsiHNGcXbNMsNUcqmPfG,$32695.90,93823,89357,79440,26562,66499,26509,76279,16148,68194,87593
RJTFwnSROkeEpkopb,$69252.74,25227,51706,65760,58378,44867,8791,41178,13062,96284,83935
sDJOQDgFnkJcUXrv,$51837.73,21808,37365,19818,54220,62395,64585,62911,3574,44299,59195
IrESgvVnAjW,$73400.70,28303,18754,70594,77465,30892,38705,99173,34909,25175,20145
HPUmOWvgboMWkzxSVIDorGBBjU,$71554.62,93686,86773,43982,61050,62328,32226,98472,84289,95528,87918
ewebpaJtoAapCklkuvqiMMrqYwPQdCvGzzIo,$62604.51,22482,64888,48892,96376,39771,89619,49717,18679,34262,79511
imMhicxLessDRASqtaeLiihaV,$34742.71,62285,64670,3353,20507,57298,29194,77398,94512,89870,87729
gxCGPTzQXlYF,$65194.77,80199,29262,32999,63513,58199,97569,66766,78607,21620,62612
pCgbIedpTwPkUAkATJdxwKIqu,$67250.90,49053,84606,85920,86020,81977,35666,56124,75329,64011,93690
