evRXyMejHvVMYDEEJcUqKucPtYFfcKyhgQEED,$24358.81,61089,75912,88158,12887,51715,47019,56159,43848,44648,26989
tpwSVcJaGMjTyNdxROAYKFcwUX,$70300.99,7419,19520,65538,17096,29396,77308,21503,95243,99143,1377
fmRwbsvLxWHSvRtjOFPznPGWyNMUe,$83473.65,69815,79737,16837,2739,71228,29015,44504,30394,77826,8097
SUKBjPsiCHozgBmBGIROQzua,$97864.96,93001,21785,25337,69889,71164,75744,7387,33554,30594,71087
UMxTTYGUfOmUGLOGMjcmBac,$28772.92,76915,71031,62250,90338,68039,9612,33601,93467,8266,434
IdGUxMgmSsvUexuhKLKLeg,$9979.96,18812,93454,86945,83939,44157,56644,83303,31795,31998,19436
KfGiANtmYfQfXw,$10097.98,89980,65312,90279,21776,97210,76367,30832,25391,48944,56547
RFMDEsujPQlcruntcjbnhKppLc,$4126.98,53274,69206,17157,27195,68247,56043,50775,35736,94835,33884
DyGwPijPuchEpfUAkQA,$4511.96,11309,74016,59575,72796,7900,39417,71230,15144,33273,73635
MoKhPslgxGghxGtDIeVcHumnAKUFPzaCoLjeDU,$78163.60,60583,88964,29634,5393,23599,59004,39042,46649,44963,96531
RTbSEvyuVYwkkfNNaXoBn,$26739.92,75102,8127,35082,21751,19743,31613,36064,91234,78612,90837
VpkPKjmutQihRgUSuSTDrvtv,$92326.51,182,76277,91254,90731,95776,99884,99921,89416,50832,18968
WkRoPNhJgAoxwhSRyhggpGKlPesIJttGd,$11779.97,16637,14375,36585,90323,17659,6974,28007,96841,89535,41505
DoCSSUBCpVIsHdmhEqmGHOFhkWEMTjExWiq,$5523.99,85342,29278,18583,19295,86801,31182,91810,17687,91072,91041
yqbgdOVyRQBfijftYJBmWaOMrkuUFNUDDVKG,$54003.56,56140,860,80969,97797,8401,52029,2735,28023,13049,8685
AuyqGpAblgoFjRBtYMzEqvLXzBL,$94432.98,72577,49906,18508,73791,94329,28872,96288,94835,8285,91161
YaWQcPPoPTElFdLGOIwXENAYukICTD,$13433.99,65748,73984,44082,44012,47907,94311,91798,53887,51951,51012
qxDocrObMyj,$55786.73,62166,74599,54010,85165,26006,23871,50913,66643,67853,61577
PlQrAXIXcwatLAFkjudwyPMNLiEIYn,$53720.75,39592,77000,51583,12261,84432,30703,61817,23712,43214,21757
lJBjzoWlwbuvoTJmKPLaDHqoebkaRrfd,$40406.92,45833,35981,67239,97997,43164,45513,46401,82515,50654,86416
JMUJPDbfhBOhtgMVGtiGOqsGaxSWWPHHccQSfrx,$94506.92,78430,50771,54918,4848,9756,92417,53023,34625,98051,13784
YUiwOgTenbhpRzvkWHeI,$52632.93,64561,90864,71269,17585,92142,36072,97921,21022,40400,37116
DHpWlCXsSqRoAoveXxuYEvAnoIKpPD,$89982.21,89786,5093,66489,9717,38333,10127,25862,62637,21681,2285
vTjSQDRvYSjMbTBrWb,$595.00,15416,85649,84285,89306,25670,9565,63189,75209,39731,80348
MwEnqoVdNihjuENSdmSSGU,$92694.92,4630,48089,82010,44261,95089,99272,76695,47681,27625,44947
rHBEqIOKMCdPpViVqbFcVTKhgjgomR,$83817.55,32490,74815,13172,70909,38270,67553,95336,24647,15449,66388
zIJQjpsEIdMOLSdXLPbLejBBFcLEglSftDVDsNi,$29782.98,26611,12520,67679,71973,69678,86970,99436,59976,64059,85725
SvIKjqmaLDezxFYGHjUTvJljkh,$169.00,5098,79978,17342,24846,59238,98217,23229,53636,9990,89677
AwajWANHksycyyqCQbjbxbrumxhGfDiFziowi,$4408.96,30919,11853,87602,56179,82534,42128,81958,49495,81817,4420
pHwQRRidWBKcMMuUVRiHyAtm,$45452.96,33926,44175,78962,57782,68092,91348,89046,58304,82899,77307
GEiJrUDLqUTxtvRGdtouikqMnIhjskgzPOjG,$18324.96,78803,84575,64671,47617,30182,97159,74227,27960,48508,40692
rgWDSFLByvIXlxGSgsmGzzfAITiUdDBUjzX,$89282.52,58939,93845,68493,12123,6874,31782,80559,43713,36850,94050
WzvBzewiyYLatVzsYfBdHhQjyapiQpeOoYPNd,$31171.99,86066,63653,1490,21782,27048,74573,82989,50939,82902,56320
wLMnbQBpPsCsezSphTUlurnaPsNwpIALuMy,$43200.84,18266,12744,40764,4507,11689,85624,25101,74628,53765,75286
iEsYRSPkgLYOmKkzJfCk,$13060.96,1270,63556,38623,4168,89860,33317,36785,50736,51534,65650
kusgxwmXMWKwfglgARykjXfzlm,$84465.50,76846,71471,59299,19202,91989,70636,4183,65010,94148,56792
MJySVEtnedVBivMU,$89843.20,73465,30106,42972,65454,67394,13808,97116,28294,70500,95584
GqACUuqyWLaFiMAEHpmohaxIsHgmExTmNUOiO,$90298.93,17605,80961,73174,71983,89294,1238,23219,74004,28060,41750
cTBznNnicvwhCIXKzWfRahxOXlDmGlHIfjHswUb,$28425.86,35719,14789,99006,64545,69971,97968,78698,9510,77892,32777
NgSznehvIQecnYdmpARjhV,$82357.95,30193,94095,91618,8085,26872,12550,21847,81420,67924,78731
JEvtvzvjYXUoXNWf,$58225.70,21044,89641,54303,95681,83166,66754,17528,31338,1430,62911
gQrYnrTVqrQeqEcUOmNvrqYH,$51027.80,42090,9459,66787,22911,85297,30949,50953,99595,66765,78882
CzTSeVosHBnYRMGsccnokfgkowVNH,$46313.76,48271,16389,25739,14478,74778,7785,11719,79099,48706,74571
VWfJtBxcgbMkzqrtI,$4566.98,91064,40001,48802,23555,44367,76682,58277,75974,24737,28427
XNgHMVYgERbHXyUfDmPt,$17841.99,39461,18370,26904,42747,23183,88891,57323,70801,95696,38823
HFoFDIKGUaz,$62647.45,15241,81953,11021,98421,70456,50382,83443,64012,93029,73278
mSBQzjWnoaWyHrzGhQKvWjwjtXUMKmXxEYof,$57330.62,10241,10138,91299,91806,49917,88247,20602,30879,70036,49186
tfqMClzoxXlcWYGFKzbwowpUQoiBYrIsWY,$3901.98,13533,68452,52704,39313,37979,74365,13653,66009,72920,64682
yuiHvHyfzv,$89397.56,16598,40633,66299,14290,3623,17215,91597,17056,52319,44302
oKVSOyMosuvo,$12847.95,75462,3417,72107,33701,37979,13808,55121,38169,81728,50684
