oAoqJtwjpJicY,$63973.54,73820,55541,4930,79858,89402,58244,84691,89959,79196,8171
nCVbRVOiFjePyNxanEpl,$29315.91,78221,6337,59301,48383,44837,97305,32262,37289,78674,53260
eLsBMfgcqlkirAlmomkfBLsRfAwFOKkswd,$76952.73,43054,20892,50623,33121,67658,52369,54973,37856,54523,98571
ApgLhxrHtWWeipBlJkSKvR,$73823.72,35314,3481,70043,45796,2041,74522,73877,84122,77614,1288
zSPwwXmxIVIbgeTcUScGJQdFgoGGGFzhXp,$96176.98,25699,31428,61349,90224,20506,96822,34161,92961,28791,7935
IVgSMJysxfYEKXLInoDaEwUPxRhChBBq,$67995.78,40230,73095,50951,91569,84183,35072,55240,77874,38002,92456
FntjnxfIncavEGwFwuofefmGuyHov,$33382.99,35134,86449,60071,65050,63653,29454,4418,44371,85015,68302
lrzPVmwrKDFgKzGFnrNXhexzuRv,$26465.84,18973,91244,81900,55537,49283,56432,80416,86754,57118,71484
uHUaUMNTtRQSLjo,$90973.82,66341,74928,39638,88530,90863,95970,68946,77617,19841,40431
gHOgdbtwulnMWVBzNOoAQOWgmyxskxmqgB,$95403.56,77857,677,88873,16707,75841,61449,3895,42904,95107,63655
zKDraaWmzufJsrAyswhvMMRMEBkTnGx,$88364.55,75040,84265,95134,51729,15461,83442,87722,58484,77877,46184
THsOTfGGJHq,$56932.78,70607,59711,36435,45647,43977,98221,64028,59338,48415,51751
vxEOfWdyBjgKqwoLupSjrdptNbWtUkmP,$96810.42,51219,46991,24224,84555,94589,5442,83522,84583,99846,36883
iDLruoGNChkVCTIscYxOMEAAVszdGoVorhFL,$40661.93,75001,56961,65046,18282,47083,45695,32108,15666,51834,63806
vOmnNpTcKiSRnemyeKRnenQgcWGMQUD,$20532.87,4612,50263,69875,77027,74679,79226,86671,83903,60367,19448
AeDNHRentbTgsokeWzeuEwttxlAkiTw,$784.00,63285,55401,7339,66017,76131,90166,66622,16940,98370,83045
NdtteqwmniPQb,$82541.88,22764,2834,3404,23050,66019,25457,96941,98688,1588,87107
GjRgwVAqzqMMDuCuwoptKO,$24991.92,13335,10866,55910,98152,55778,27743,6218,79758,82391,76253
RLLnizCBkQmooOY,$83565.52,62514,90717,5074,40032,13380,69878,95710,41023,42749,75468
GHUstHAsJCdAoQodQMeXSUwzKHcYXAbFivXb,$58661.62,45513,63055,23838,21099,64845,60984,33049,31497,28864,11754
CGRygChHbfi,$60239.75,83368,38154,49317,95533,1209,39807,16633,32706,67444,49582
dQOgxgedIlKkQSM,$31080.91,52103,8892,21303,19964,15352,4588,52570,82696,20822,83326
UGGRMLUUwffMxrOIcylNrbNRAp,$91158.78,86713,26007,24520,17598,89559,54047,21917,24028,65323,81700
fEcDvQLxPWLGxYyy,$53453.72,80692,36891,75662,98190,93103,29709,86759,17131,61685,68460
haOKUfVtUsEbqDAOsrLbTJxMoYJKB,$44690.88,40518,9446,97705,88504,38215,35855,43787,75865,57885,2316
yBNnTFzuzjrLWrvHsAEBFqVGHLzTTXht,$58785.84,56837,39296,22980,82945,67440,78068,16685,55411,10724,78022
pixQoOmUVXuPSRwLQRRksXyRLDExb,$59234.84,40652,96600,97447,20814,27074,50835,23931,32799,34426,25712
oKvgcNqUloMWrQTRCJHwXpDziGXzdKkrvFxX,$9379.95,52739,30944,70763,53490,66253,3033,18441,89028,62177,879
PJLzbGFYEyLxD,$95741.83,76005,91310,96398,77850,44049,93994,48613,64192,60247,51546
KjDkzMvYNdEmheYfhmILSjKkj,$66576.95,86889,80367,96509,36165,60743,46573,87729,95139,80832,80595
hQctYFReMemXWvIHE,$1458.99,35200,27881,83645,6925,83005,60195,15152,9496,25794,64076
fHCvoogISYyCTrAgJ,$7353.96,29725,97334,42887,11559,54243,60434,70055,50080,68314,28909
nUngHALvOoyIvifxhQFp,$32098.99,92666,71148,96160,42746,6214,25069,98818,7115,47833,55461
NPHIEvhnQPRoWjtmegigUcOQDYtsfINsyUBCqI,$91970.82,32420,7764,97638,20183,28837,82573,22592,55086,78223,51105
SpgWNYOTHCLFWniMwxtU,$9868.96,28628,89029,82956,54204,18573,14375,44008,97261,49924,2664
umkhIHbeMoTHPS,$97046.88,37554,41752,35340,32834,97433,84948,53690,82659,65975,97599
NXDiJNOtVpWieQPtknFsbc,$69869.84,95179,59144,17437,61154,56743,64010,10458,56906,64859,581
JhgfVCnatdTdqzwrbFlPLRIIVBszX,$60579.73,41892,8984,22484,80769,81090,3819,84581,74087,2213,95546
TgNLhSwWfofN,$97823.77,2429,38216,10116,51144,79960,18660,60028,69096,99330,41118
HUdOmXUzjBtFXyueLfKQOPHKBNXAiFzPADE,$58198.62,93178,88897,18588,89192,18651,90328,95782,66362,75596,95726
doNeclElQfAsigFj,$69060.94,98697,9939,23716,87889,95143,80696,83672,28257,56292,46150
XoXcPkHbbMCSuiydmRVrqDVSvCLdXLnVzK,$21814.99,2452,30905,3363,32322,25563,58639,50081,15363,94610,18265
cnzxNKwDFBuBT,$3650.00,54308,79979,159,48918,98144,132,2545,97295,29532,3609
AkCFmwiFKzKAFfCQllXevuHkSybeoOdozfTlbcQ,$17014.99,18633,90937,75023,39667,92344,31664,23123,90401,6348,94034
EGiChmqWOEVtXhubxGcXSjfIFwJbtF,$85218.40,2086,80803,49959,64322,68661,31867,28963,72937,8156,82491
sqTvpMeTvjrEkklAhXYGRjVIiPuahonAehvttzN,$94212.78,31475,61382,3615,62530,62149,10325,89486,19495,19022,97244
DlMXlTLyuQFPJzOxOXcIQqOkLQDnLh,$90855.98,46008,50111,86738,69038,24443,62764,41088,79682,13586,33878
VNbfErtPDkSqWzBmRXzvOzXbpfdPMSOiHPn,$55442.83,17690,35626,3680,84428,80087,6354,62448,56588,42079,12227
pAgqpKSgxLUGtkTGqBHbtdcHyeilDITs,$90829.59,98334,23666,20479,5364,72200,79383,65723,52907,42194,93462
naJVACyckWFtiJBBcKALJLMoTANIIWQV,$42123.78,69140,52016,13786,41329,48026,36086,93348,48459,66867,34127
