uRWaOKdrIkDfSBwtkbMXfHPYxfHO,$254.00,77783,99358,52248,57256,67872,45476,43222,44144,98810,87253
ohmLtcwYWlFcDWFR,$47845.75,66572,52236,25794,77368,51046,13047,62397,50706,48647,11544
RfsQcDweHSk,$45448.75,2357,18966,4462,84829,52190,23350,77276,29558,74296,56975
aRgxJlpAMTwqbOAAzLiwsJrEK,$31906.85,18367,80798,35361,10022,53073,38661,81500,84383,47001,38070
FEYWFNxhnIOkbzbgJlMIJNlIGSfj,$5755.98,2109,61799,43847,42743,78016,39895,68397,41784,71205,4072
uhTGXFytQNvOaebucxQyvSfDIvwmVYVP,$51868.65,78265,19042,66860,61119,7262,85311,86552,91541,60665,64751
TWUMczvxvhTuejatgdoBAAkScR,$19310.87,89502,86307,69019,42789,93924,27033,41262,49003,59079,69551
SIaHqnxrhPH,$74372.82,72468,2292,88249,51965,19703,44503,5025,88622,87193,98849
EupiqiqqQGeNYldgLLfRFxTam,$46766.87,89779,18498,34067,31165,16560,86365,73887,1940,56756,77719
yTTJWbViFnNdhOOuyQerjTfqRjGgeMbD,$44062.90,74479,98426,29050,34292,30771,69672,12954,99114,97504,65741
EuVjLNssTWfVamrMQnVdORdTvsOTFAwJUsTghm,$66410.46,26259,46804,5784,28128,92789,42718,10507,29996,17017,34018
MIEfxyKXUutNozubyUJcrTrePXEhhTQTCvyAujy,$28463.88,36270,2186,37191,96360,5924,15168,1455,35821,6601,12134
MgRtolkHofGOYPMOtEQmVNflFi,$13704.99,71328,3801,77610,96894,66634,21284,45817,5007,78909,16985
dzfpvsUgXdimjsNAk,$13389.95,91077,22907,95627,85233,49914,83768,81158,46555,53500,27268
aEJOEuVqjjWLqdHEjmNduVAsYrJiffzgj,$42595.81,97957,89012,46386,55819,129,85480,41775,13468,7928,18807
REcIpkNTJtesnsweVjeXHTdO,$947.00,38894,79599,75696,49732,99192,58105,99659,76288,94346,7123
NTQfkltjzfFnsKnOKvGzpJQ,$67955.98,90960,36934,47412,97897,21796,66541,27150,7104,15762,68266
cqupiEcWOXdonMfyIvGgTHHgCyxHbIw,$87151.94,69433,7445,27490,37855,87289,11964,89768,63393,43454,71621
CcxIjrqqWSoUBpDxsBNkHiEkrVQOblQdMpM,$30424.81,41333,80058,51368,12494,94560,63902,95974,98727,49712,30791
qxUhTmvuxmxkbkgiNRL,$87477.73,3363,5574,71600,99237,70953,87964,96680,76684,30987,89736
HDGCXDovoPgu,$66496.58,12217,2364,90719,23131,76714,60734,95257,15066,26723,32962
sUxcpEFwhdaUYoKEIiXvrb,$58450.85,9311,30894,10674,78893,20949,86872,79462,67393,90345,34541
sdasXyhJdPrA,$59375.97,43281,53677,72459,47452,64638,48422,44998,75212,27315,32600
WAYSwrVVjTuqdWGvWrEydyKCjUYGzIjVjiOfY,$11091.00,89332,69753,8235,35600,97697,38703,23271,50857,64355,13184
oUvuvylqzGKjmBcYi,$5945.95,28391,17483,11788,32575,73375,52894,30903,85351,63753,37366
gmDcsUuMiGBQRcpBj,$50125.98,93993,17037,50308,34120,36584,81111,19471,337,85129,52298
WBOOxIBfPewHFLIOlDQVu,$89108.80,75997,84084,10224,81948,18398,99401,86429,11217,9587,44384
NpakwFWfuHJKEevEIfduuKfVqqmlYlHM,$77355.77,45271,49592,78082,22561,40079,56218,10291,86052,1991,35703
lyRNtLyXHPouAnFizGPWDCQgjSsAyHnjGFWa,$60350.77,98295,990,16738,24524,83210,75488,319,36787,16315,11175
wjLMpufiUEPHnVMKVeGTdRFVDEuW,$17283.99,78124,73616,81029,97041,56989,36084,2814,19181,1835,69782
hsOCVtwSxwyWFPK,$854.00,207,14483,10606,57595,35386,32818,1498,44978,9638,81178
LzGcJKCmvklBeuAyyNWekccUJvYN,$63004.86,165,83099,46865,10805,3525,46893,13244,60903,76775,52258
MBEKASHedJgxSBxHKyVFYRBjzAfBJmF,$66324.53,3978,4999,91826,79144,20876,69254,38632,95838,27293,17782
BzkawpyoQHNQmP,$60192.84,5152,53204,2733,63630,32348,23510,99536,37632,86000,26830
PWMzxjOVXfelWqbxPWvCdACNV,$12862.98,21240,62942,29241,32831,69795,33837,20215,66080,65116,21082
GiTEcLVVvCoddOenAXxueIxYYAe,$5144.98,29545,78165,1275,55624,85317,62152,19347,12316,45140,68010
llekliaPqtAHgPAeb,$60583.89,73196,58204,51015,59195,37172,96055,93858,64179,53776,6525
JnnJdeCdLIS,$11196.97,93360,25867,75289,52749,82317,26760,81410,41509,92987,13251
mPVTDczCmdOnIAqTuG,$20669.95,40319,94840,52280,22637,88253,33690,30798,81240,13593,19526
hkalmzNXCdKKDbFxHYwGUBbGUKSpBFvip,$33520.80,20714,37984,34536,99028,81109,35388,13100,55873,14156,28135
rKiXGJYMejfSKLNtbjMdDuBaELhsVT,$76638.35,39034,34638,67443,68268,24937,43661,57254,98970,95752,7919
QoltRgURKg,$29800.88,85940,8444,92661,20135,76612,84251,30449,618,83221,26201
KRyVlqBGHnmFQoYyEVRGEgtmtaXym,$86298.91,33702,47198,69766,17450,74570,33015,21680,92419,76067,47827
jiwoDNUjtNUMOSKbQ,$78802.75,71157,41433,83456,1414,72728,42011,17104,69391,16217,87635
fWtajHsUJINHrOYbKKSlEgUXCmMniOsnLlMvTE,$32289.91,67975,88911,73597,84579,78322,34432,36911,38891,36601,6103
GvjteXLQkXeFRIvu,$39979.82,54276,95322,22029,88609,98885,27572,91862,4988,61650,70013
mlslxkUUoamwvGtULunaBjHhtprmsIBFutqr,$48341.95,79650,86275,49035,63666,65220,41819,90449,32209,48530,28076
CXxJRmBDFJfKeYbvc,$80955.98,21409,70591,18701,78510,69452,67131,6586,45661,76550,67411
CibDLGorrRqRNRDUlaBS,$14962.00,64396,96026,43044,87837,98931,99045,35574,47243,9893,37333
QkQiOMuoNn,$28712.79,23330,74378,9291,87626,37156,18987,42215,36087,18032,77690
