NJHGzhsmafdPaMgULTL,$22796.97,52773,36513,12989,23503,75388,9076,29636,99202,47719,99004
wpszERLkMWezIFEGifaGgaiFO,$38688.73,26197,16979,16636,48011,72223,88100,42309,18277,97354,5623
lwQQAWYgwgmxoRmGExKhWJXojTXTbub,$38137.96,871,27572,1610,57973,19841,85804,55597,88807,79578,35968
SnnPWLDgFczgwBsNtUFIWd,$6655.98,95026,35514,46478,75134,80202,23660,16361,88759,10655,57484
ptgLUyzOTEWqHRuuwuIVxDpNLYBFLvEbokmJjmX,$36783.87,25395,13230,4328,85355,86969,29962,71226,32273,86692,85370
uTRSUWEPbFemRnvDlXvgQTtDncLpGRv,$75336.81,65968,67915,39918,21883,42408,29897,69314,83688,30938,41267
XpuegoWjcYVrGnnhyzBEjzaTeYqzmHylwTpcHn,$12113.00,20673,1066,28879,89093,37453,5156,23582,8507,87903,46506
VFDHndSjwIlevxohepzyDz,$60006.64,49549,25924,25640,4204,72330,80815,4752,11075,66544,15535
mghiORMJOArTPQRS,$26639.81,52642,17813,16868,91625,98528,88172,2700,65073,3707,19228
EoBSGNDvoU,$84850.99,27305,25094,13140,79848,42807,96560,71473,8088,84733,40825
YwcDldxRQbn,$48042.94,45249,66870,53065,44822,33999,80271,69816,47040,26871,12623
SHCHrCDTgOWDGOeUtzXCFhGMhRkRgOSy,$53678.77,88492,1886,75837,20915,50952,40633,65159,62295,16917,34249
MMyOsFvFmoP,$35396.86,42245,78638,38383,84734,99453,55988,25367,31364,84935,42185
PhDoVvtrbGFrKavitwbRKSch,$17021.91,19287,60375,60716,64469,88353,85125,61382,16973,75521,48442
fpPLEauXYxHNHvqNEMLooOqBsnxOGT,$76596.79,96732,59168,79631,64869,68334,68792,84387,6337,5264,67195
XltkWIylyAdlXrrr,$1263.00,78481,46058,72244,14025,97097,78482,85841,64293,40830,47793
FOMNoXLoAWLRod,$16937.89,68984,65723,88832,41228,79648,85929,86362,65489,50222,27193
mijyvWVhKwewoRz,$11510.96,99801,93749,52843,50066,13456,96530,46631,52397,93332,8685
YncstmHwSdK,$80944.86,79667,97562,26512,28430,60535,43448,94883,21036,96191,44949
mmcABsYOuRiHYfAdpWFlLaSswORTxqFKciK,$28283.92,84251,10227,37936,89672,77172,90985,2633,72508,5687,71488
mkaFgPWanogxPoHu,$87248.70,63614,36564,94457,32899,9072,66796,4388,86620,155,42294
HxpFWctCajqHefzROShcLdRJTiqtKHsSEhybIr,$18673.93,63573,45909,62067,10601,61690,36068,64720,3615,80192,49206
ifzqvsACKtGr,$21247.97,72657,88338,87384,18547,75289,17709,64356,4108,28210,92699
AKjwqrbphwHIyRBfjTLjcXSKDt,$15422.99,22931,20749,24426,3720,83996,21230,27657,43834,36773,97948
hEOSoqqGctAaclgDwWodErl,$90896.68,96144,34837,52429,60844,29750,94716,25359,91597,57369,70736
haVaAVBLcfHYuKdlvEnkjibj,$32636.99,62835,52628,43358,27783,51331,8459,13684,92068,59662,69530
jiuVSdDtmbsbbhHUCPKxywUSJyuvvhle,$79931.66,15958,28227,50683,86939,68710,15462,71193,65886,85439,92485
ADTKcsGWlqvfmrnxUdDVmLboGFJcmKGMpaXrsEN,$25844.89,8556,7852,71495,25734,72679,87144,4388,21693,56485,85055
iekskxHkvycanEvwmdW,$4455.98,19488,98594,3405,16407,96955,5842,46245,32361,11946,88603
EUmFiqbECfBkNuQeEgqiudJqTVeugAEKwq,$91658.73,41619,26308,38318,85747,46852,29697,19635,76502,63574,82414
esKhcAAxEudgYOcOeGvvPFRBYbgjPqztIJb,$55939.77,3782,93947,93406,86009,27265,97404,94687,58179,47452,13492
SlSTkTAtjqSDaCeJmfsBBfUxERH,$18970.89,98304,42400,74685,47077,22390,93182,55361,15047,82505,67649
zoiLtAMvfIsKaaTuNEhnHOxF,$79287.65,98988,34732,66331,22840,42426,72243,82810,51647,24982,24957
GerQerLyFPGsyUPeRQqMpnELXF,$67315.73,38343,27281,14524,43319,6928,47647,39852,73845,58339,27239
EiDAYHspxEeKIQIollvC,$50328.88,12733,84730,51274,86478,43069,45165,93680,82391,41655,32333
ouuDSYIdhYMwkx,$57124.98,91038,49325,76436,3771,34055,94363,56901,77024,39528,50582
eNLsHFwAEEEmdQInNaAXBLNpVvhDkHMovYhCE,$93805.64,94420,96654,40770,42281,9754,54631,12873,52969,20477,62260
fkxvGtckDJWr,$55986.65,46703,7316,6244,46874,68388,69550,87544,10669,79204,8927
CNOLTykpfDQpGAMXEHWLixxsgPXyhHojwCV,$94400.70,3528,56322,70586,69699,176,12514,25895,49925,97911,56231
jmzhjrnzqLGXApTdKkfqpmy,$13646.98,36647,84289,53527,37157,41078,89393,32430,12198,85481,68322
QzGTkqzbgLzrTNYkoGQXbxPgvtjjjtua,$42202.79,85385,9562,46377,62728,24500,27108,7284,75984,25533,5268
rLlaUEvvwVPYnjClNFALvNTaIscf,$30281.93,2171,81519,52409,979,89973,60384,71083,65041,46730,93499
mTTWhYWSuLMTTFvYU,$18703.00,1280,18339,94873,2160,74965,22009,39895,6758,35392,33395
TVwqevNWpzkjtPfSkuyKPVSLpcccJEEdBcTFW,$94360.16,44895,15607,59421,98198,21952,43000,50711,65017,69044,71056
qxCszEdEJFgLzlIhnvNaso,$5651.00,33131,46648,9249,14248,76011,37030,7473,33239,87639,69836
hSxGKLjeSXuQJv,$66204.86,93507,2454,89143,36270,39384,63268,36161,93675,99757,54735
PrOACxevvXmEuoPPFvjOyGBfMboMXhtn,$6111.95,22570,73152,91102,15797,50494,19601,25722,37021,48403,17007
adqjsOptuBuIoSpi,$79466.71,71112,676,54861,28966,16373,5355,15219,8747,9029,30275
UMVKwoaLHuNCCBvRJbgAUvVhHrJCRWVnJsX,$72902.68,9952,5534,50477,16711,77275,24741,79525,91976,69002,64727
SRIOnpwEyyxvUKgniLThDiYJYTR,$88672.82,63424,64602,86823,86282,84881,561,55404,53124,50211,963
