ouphrvPegrjai,$69691.89,72338,81726,950,43500,8830,47898,90610,71679,81669,96129
cQoVFUocKsicbH,$73294.77,31371,57970,47412,45922,48580,19091,27591,44710,25147,52909
lpfgDhqVORwWBGcSwRGgOlltBjlkFEJrTpx,$87890.88,50779,92826,10204,4006,39415,1775,63183,79017,68725,12664
HaQSKJTTufaYortdOrzCKKJ,$10330.99,16788,60792,50498,74772,13018,8575,50288,57970,43408,29709
IsNcLqCfJVjmIHkBFHivWRaEchwvX,$21331.96,78696,97888,99670,27083,17032,8366,69959,58694,32791,13805
UzXQwqqAsxwnUmUBTPjnbtLvzSd,$89743.71,17781,50881,97778,17473,38654,52698,57422,96557,94960,12955
YCatDTkmhKFsGELjsteWwXaqNsafDhTcJTvM,$97964.66,93049,47786,8495,48177,97270,99818,78361,24961,75306,49896
yPhyFurGAUNuwXoRkCXkyNNM,$65925.89,1785,1116,61643,36612,73533,42943,95492,52640,33081,97874
biUvESkVem,$47490.75,27341,27111,42942,86968,78231,60221,88653,46000,21864,91918
MRkofrOMnKQFUMjhGwSNyPgWanUOuqXhH,$83942.80,52390,98727,7502,50080,89844,31342,12516,89187,71101,37826
aOxyFdUfPpTkFRRMbMzcWyp,$88254.79,21943,13023,43507,32658,57969,27548,48674,4201,51568,13089
DPVWabPROQfNsBMIuARBQeFQQzMbxMHccdy,$72204.88,40722,26100,70331,28287,78411,87330,9117,96725,46251,95528
dcbubNvzaCbBFzekOXBuwiRwAzRuyNfbpgvrt,$96392.30,75826,37233,59325,4967,97583,84665,63597,41285,7265,96353
sQURiOPvTQKzMcTeSNXkjycjiHGuHA,$12942.96,95377,90299,42501,81307,41334,60042,25879,17888,85090,26989
azMliKMrTTyNBYcBPKs,$45250.66,83586,12363,56229,1169,92526,18333,51568,55143,92021,6604
nEaPDcQtNkHWjPYgCtoyaJ,$68980.88,84972,22580,95146,91476,53583,90708,54553,15171,93327,71838
NbNxikGXknADbyeKsJcsDmLDJtiHOPHCQUaYf,$64732.54,36564,64899,83038,24574,47629,2402,87395,15252,21821,51001
LtSODLXlANsefnDDskAieXcYtzEhgLOrFhhjSEu,$84888.65,31066,5732,32741,19319,68385,63138,18403,93899,96752,49038
OsATahFOylvFTokNhdafzYF,$16418.95,90102,85817,8505,39140,55021,63501,66343,68482,30831,86962
UiYGDEArppyROdrOIsFauVG,$39120.95,7867,64978,27779,60928,24027,45932,66804,57764,68305,79032
jqznHNvatvUOCqdEFJ,$49620.93,41448,15245,75323,65375,61077,42127,89791,29382,87811,98132
tJDAxabqUVExLHdrrAEHlICqFGPn,$98079.66,91760,89335,74556,58349,66190,54187,15561,62126,24518,44924
AljdcBDgjooleTrTGAUldeSf,$12882.94,1913,74114,59588,2525,85839,97658,5663,35779,22220,98695
WrNALfvsfqdHTVMEv,$40308.77,9350,47798,51257,45029,69918,49952,16506,11093,80165,51514
DBjvGYYotUcxQXJpefPesWBANAJA,$20367.93,56580,11351,57425,52382,916,18460,472,74848,1510,40921
WqIchNUeOUrp,$99493.70,45140,8623,34502,12708,26984,1627,87457,95046,42448,11041
NJCUxxYLsrcwjJjpMEtHPTrFJMcMkdMXNp,$1312.00,74083,30365,93461,1451,4933,27726,61004,24922,96498,24838
wiAoKIyUIhXPmMgjmcIxJUajkWrpVFARNbg,$72213.96,48558,69978,19044,90108,96501,19413,46071,43626,85199,54864
zKMjuJaJFfJxTLdRvhlN,$97605.72,74177,22780,63050,26129,77544,22012,84601,38218,23020,51146
GJBMolJiwNARUlFonbDSmaOMmymjvVbBf,$41071.82,85327,31145,21956,12842,6901,30656,26858,72231,94119,17583
vYIHmhUUcqvdUXRomqPWcRzj,$59591.86,50498,96325,76752,7583,94837,74391,12471,90524,62979,20579
JqhftcDlPPbGMdyLMEuQkMuJawrwlFnuVuzP,$72913.85,49043,89356,47262,62801,54853,15267,14621,91900,82335,44609
HhWcqWYIuJNHeKddaYGALy,$38690.91,9833,86143,5397,21094,17395,80722,12842,84124,25987,59212
iAsrobvyDYXcfzODBTGjRAjmEQMFzEEifWzTx,$1959.00,61708,88855,82713,87120,70495,66896,54423,17127,90127,81023
BsQYXiaumJSteArNkRtSbXkWzkavnCNpuEo,$41350.95,68690,43819,85008,27790,40998,9308,51156,75803,32151,49241
htzgDzBQCOgWuUPHiCGgiYIo,$47975.78,89660,73599,41846,95225,84100,38538,51175,43546,49577,78329
BomHmgcBnleTQL,$36742.73,17641,85994,28103,73954,59593,69850,69179,10445,8388,87006
JWnlLYsxEvY,$58857.70,35190,56871,34302,70588,74413,86948,98592,48367,46542,35194
WJCNSYbeKaWiERGVXj,$76043.96,60723,53103,61906,70857,90959,39337,5610,60903,72828,96523
aRTEJAaHkhDGsURiIvQxjPKHrkY,$6141.97,62905,34901,23105,20320,39632,28898,3263,46517,39709,46830
tSWERoPlQbXorUlIzsGhgwJLuU,$44809.77,14188,76558,92330,4946,1097,40270,74107,43724,38071,75820
SEKnPSMiYtOvdAqyoADMpBebEMbw,$32159.92,81289,59227,42712,84572,7806,72717,18131,54343,22902,90804
pvkFTYFWLUzQ,$70606.83,68926,59231,38019,50215,85110,47383,1539,59568,86752,19570
gPCwLncFLiDxdCNaGRVGC,$4457.98,1258,68267,48303,41666,36190,87298,92990,98108,76000,355
zHHVWTqzdCJbsomUVCjlwvfsvWUMLegmlO,$2105.99,7090,78858,81565,63869,70292,23381,23016,80837,39390,94501
KfsbSLJRxxNxOKuuEJSMMHdOxiXClbBV,$68989.70,72765,12946,19267,37804,27412,64813,17758,47391,94339,54388
gsOJimrgoChQyMlvmrccuhGVbwsOPXVWqK,$68361.68,38296,25843,45529,32763,42170,73361,89979,4984,71388,24574
wMadTVePNtFLpcdb,$45975.97,5726,48855,62692,17907,48270,4863,91169,5001,76399,29309
hToGXHCBxQUdClF,$75955.37,86830,22508,69436,2437,85100,87243,17359,56615,45164,22261
AVrvJXSrAuOrqsubXzMlGWfTREzbhULIqdDbb,$30352.91,52566,98232,93803,89414,18934,98698,36037,25095,750,69391
