qTsaVkVXhgTPLNimHYqQJFUa,$88029.64,80346,3190,30279,66000,63222,40695,36069,44416,81914,91617
MiJyVrlDrbTb,$41051.93,58573,51306,19280,5671,21149,49459,38323,84271,90054,74293
DywqGgpcxAfoBYPHMRXsrdSsrDmiawLDuitbN,$28291.84,71715,23485,5209,81991,2848,80694,16835,3070,14852,69538
PjjCsIyDLTlfuYoXjwfIGmXxg,$72481.99,7945,76512,86484,17986,1252,19076,52802,51461,37219,41080
NTfHSSfCPllV,$97612.67,59452,5219,97301,46838,37221,5246,23350,23706,23133,91154
EMzoMMisvBKaeA,$64994.93,83172,8442,6415,96663,45563,11562,86665,69169,1347,77820
jJwxWkgOfHzflArA,$54189.99,26964,72745,6165,72427,50959,92730,8349,52206,37302,53505
WEbTohItoizzIqzFpYsanb,$86171.93,12872,94340,2453,50074,47845,31798,41116,59711,88445,94529
vSoJBnIJDHptHiSUIKCzrVJKWWCDLmXhFmq,$93473.81,96535,68954,27265,60617,34259,39912,38676,79879,51847,70024
wriGcgdejPrhwWSNDSmtw,$37096.87,6757,87368,47660,87339,68264,18806,99210,43355,30501,74068
AGxhdTAqWSDrpwqjferVOAzUalICDz,$7505.96,91606,97271,46112,3523,54058,70417,12493,18161,48535,63819
pCpqOoNuqDPpJtttOsrlRKHcn,$10413.94,37573,98396,50910,22995,30535,39381,12363,85671,51430,99251
CtBvmroDcFOjHBOwpCdjFMSX,$56036.95,31944,13999,54931,58501,21100,47461,19552,70165,69478,67330
aiUoQcPgyEICOOOhMbXRGAiu,$55483.71,67856,38242,98822,34852,53290,51172,99471,25779,15606,63477
UexJsmQFooxupfoVVXEIoDunxvCSKyo,$48185.69,30047,91600,72783,59245,79688,6873,28423,33992,96683,51382
vFzSJiHMDuJyWDIUROwedRd,$8157.96,56382,28432,75286,30856,75403,1586,98631,69780,31503,96962
YWfQznJOqAK,$8235.96,17008,95248,41794,25881,20063,86656,3823,45312,26754,30423
zwACrCxhNSYp,$46855.91,3886,96385,70695,99035,4932,63228,19098,91488,66951,64310
yQLuRNMTlThfsVHqYTQwpgqO,$22324.87,72646,61932,97136,62805,99262,41867,42652,28185,7023,31436
YwXPvRgrhmhWzML,$15490.00,29082,70802,93352,70184,29499,38292,10659,68602,26768,13535
OyICYtczDBNgMiinbhLKaBzKybB,$21049.88,11051,38632,94772,10405,66464,17341,81183,25815,86887,51669
TWyAijBJjLiknbMtaCXjVblRDr,$18713.99,58296,59101,81490,85437,87253,79280,6072,82185,31603,60456
PfeRqVUhlOJkfhfufITEUb,$12665.91,64778,89001,3034,97732,16886,68172,14172,8288,32960,37306
gVhoplIraxKMjJsqPNCaAFgiQWELxgNdBurR,$19791.84,86756,91105,55550,26369,79949,85031,88680,40142,66785,15869
xGVulHrQUusOlJT,$33525.92,51613,15552,98173,7046,55594,31710,22815,44829,49836,96810
roTJfpDXDPhyAAx,$98975.66,80019,99976,26755,95471,64901,33701,51065,96512,23168,62546
rUWFpgleKIHaPgaqeJdS,$74805.62,78311,87393,15669,68132,49939,28669,54763,45835,62547,84597
EUFpDMOuTPKXzoqgSAUgzddmteqFCbG,$73928.92,19261,92911,80675,88197,16944,82781,7002,41569,94453,53141
GhlGBsGEUSxykDcKkJgWgg,$77340.36,20714,42528,32703,81819,95569,53077,5999,69054,6457,71070
bzHvsgTcJvmtEtPlYLDzAyEFtBRVkKYKkHgcnbE,$75080.44,33906,99298,13092,93003,57660,50806,90032,18300,13001,7776
nyioPDzACkkJQMWrQSnhJoRPAbHrJAE,$61288.55,70240,20230,92202,80103,75815,80424,22806,63373,9083,49885
acDSpLcEdREDavnAbjzntpDDfwXfyIsXKvRzhtD,$16591.96,47774,41149,5447,93305,37956,44011,52608,24221,45948,54298
dPwzhVgAaQmjDxnEktnVmqWIwdbANRM,$84336.94,16919,64238,19038,65372,77345,25072,77934,71313,77248,22296
wkujggadOwFPXtIklqucFzAvf,$75359.48,17274,87886,34026,83767,65866,62800,37255,58855,54034,49637
IVagqIrBzl,$15422.98,97971,71410,38265,15246,59296,38943,98913,91814,1743,2921
yiWHfWnvgewFpAkzEkoxHVVdywHOJY,$7011.98,74182,18394,57421,87026,17800,49388,66365,18291,1320,83999
wJAlGHhCLfySuiRvqYTfLOisPqwwnbMjKnu,$81589.98,99137,83866,2789,87857,3477,40621,80709,94081,19596,121
rVcFfuvUrRiserCQMtLOmsVDrXejv,$52969.81,58321,44960,65060,10044,50759,98093,48971,98444,16414,43018
IpgzcYKqldMPvKteFOdRFDjbyVQKApoI,$54951.73,65633,64762,77474,49084,52897,94563,87595,4759,57262,55135
uYdWqiAzIyUzjUoyDttKanDWSzhoPADkAgh,$77036.89,34890,25536,44233,73907,33305,56276,65293,42378,20661,92447
TaCNYJBoJfyJmfbbmrXrCvGJHTUmaQRuquHp,$9060.97,93460,73197,30237,29104,36184,27969,23289,6264,83352,99792
YHtDKYBQBtMoiwlXrvI,$63915.69,54300,19217,32778,48921,9158,38943,32274,8951,17554,99510
JezifPJYcxGyJEpfMBwjbNn,$77639.32,71344,86851,98757,13119,36118,12606,92121,94297,47951,51989
QesxcBCRgOtcYuQmbGOIdGRNjEYtVAMneE,$13544.00,70994,35439,5817,23599,65800,15731,80852,16516,91054,51225
RCjNCWAGBmn,$91401.91,8405,11757,73379,49432,6809,44374,84771,79178,34625,17323
sxKvNcxXqbuQhVCuDcFYCHJfVaSxCIu,$39661.93,35573,83560,7033,56704,63326,48816,34599,50373,27613,85794
QLTVlxDucAT,$59926.98,57915,49902,47356,51222,52128,30917,24907,8832,60895,73623
seMlUXfQIcTd,$24780.85,76506,53692,83648,38553,78259,303,85809,96133,52331,16726
EPtJixwSRvYieACHEwedoxDXiMEzyrKeh,$64958.88,57927,94196,3603,98305,57194,53395,74573,32882,50441,39919
pssMBfsAEJliqOUfqf,$380.00,89250,10732,40654,51069,77110,12689,8178,95589,49739,89912
