gwcsyoOpHHNVrYbK,$25493.95,13448,69763,66928,74211,22462,19827,1586,82439,79773,11192
qfXfTomcBISAJdgGKAAeOBVURacvopVfTT,$16732.90,94539,4060,11523,12154,40309,63507,16912,45145,30205,66818
BGxWcpWekLTgQNbacIVSSb,$42478.82,6535,2238,53792,40005,93353,24707,36829,33748,36663,37869
HyctsIJGjJIRfckgenVSifEtKrlNbFFIEiBwQK,$47511.80,59179,60364,17877,20817,97064,61097,71977,57454,61252,96325
OQsgcGHimPMTsjkCMJxYBxnDd,$89735.48,11234,22513,25957,38565,98333,53015,326,30535,95346,67591
IDrbnCEamBYnYLqBqJggzsLgWWoHPgEyjWAVYEV,$47849.86,81916,99835,42497,85853,65178,85025,58917,74526,38787,21145
dBLRJBxobGKbdJ,$17213.98,8585,40295,32383,84969,4714,80642,16427,28238,19999,98003
mfdwFghlgcVavladGXknYOYOwnQVJVS,$38895.76,67268,52358,48718,70397,73050,14392,24774,62631,87299,12213
zfFkteYRtU,$16408.92,57691,8477,28382,10049,23847,98679,82999,38139,90105,12382
SFbXKlQpJJIEosUDyDPf,$25369.94,59018,52492,93916,63809,42598,72951,22652,11569,39574,91431
RPYhzipDVIXAGBPLjjDyGADJQFNaM,$70356.65,74449,63241,43462,40221,70400,10312,65966,6598,79103,85826
JaBSkERqFvawANWnGErOkdwyEhiNptEYS,$59460.80,86203,74535,25493,40154,47125,92761,46142,4843,76627,98761
MAVrIEfXxjxqpPTazNqehdjpnBfAKjYx,$39047.94,93038,78873,33570,79724,17427,29851,43075,79094,56764,53992
RcTigbLpryqVYAfxyo,$13730.95,74756,12367,44016,88243,75439,16782,62300,63764,54005,4722
URMIcWkfJraySdt,$86409.95,60368,34350,21207,72635,78266,76102,14827,61701,38403,78491
LwYdIHFfrKOiknbngwFIllKOdLnELTJxPibyqG,$43219.77,47650,90339,49010,65644,93851,6370,17988,51818,3018,15250
bncvwalEbkUhndxFtXkklwyEPwJukRkm,$59118.64,75530,89560,31064,84704,2478,92089,10612,97343,36294,92203
UxofHabFERdpLnGVYlHgmuyRhatbpxrkUGqdGr,$37711.87,14590,54541,51743,50484,69745,10814,79820,840,82897,51438
dwYdpatnRdHytKElTptfPNeVdCoAhRskoRM,$47400.80,66034,58094,13488,70018,54156,7187,37410,18438,15376,25995
mypAzwtrGhjtlbacJJBRmlCAODIWTeJhcYHb,$4847.98,37727,21277,63788,23162,17439,68756,33343,26989,77147,64332
YufCfmfDugzUzAdcvxfPTsTrWKaFb,$16101.95,54533,83676,38599,9433,90122,11380,52130,34879,42488,21601
mRnGjlrIqRgGRxCvUKCv,$51703.84,61688,49346,19793,70828,70847,42115,2682,32950,6505,20837
mbScsyIlVKGQwILjaguDcFWsplVQMFbYGtA,$72277.73,98673,80205,1131,81236,79683,15394,91839,29568,26872,87356
AasPlNhxuHwAcwatFKHYcNpc,$44571.93,84779,33589,69936,39128,2908,93337,25049,96105,68374,8895
BNjdpFdJKOrjqEysj,$34715.82,89249,61453,57955,80950,24310,26329,56497,77499,75419,5681
uOSxydLqmCULUfYOQVnECPmhHbSm,$74854.97,47553,37478,25165,20729,98900,92084,73830,91896,83634,26798
uvsILpwqrmCXuEqgWiGkPyUvTQrcqHUKDntpcP,$46774.86,35051,73010,49313,44924,78424,39359,54050,26705,43610,655
CBFtdVAXgDlaT,$94020.73,3150,64242,46052,38101,4005,62018,49678,82329,68029,3728
hhPjivClsCjXhUXbIoAPFIqTEy,$97058.94,37532,3753,56969,84213,20648,98200,64690,87557,87437,37775
MApLbXzbOEkEXoCIzbSKg,$88038.60,84267,76339,43306,38576,30528,47733,72938,58337,21967,22080
FDuhRarVXfyhE,$27447.90,81321,42510,35643,93185,93429,78634,3243,32006,9162,50876
RRjoXMifEiVAGAyn,$69679.59,99869,64061,36617,93054,57490,15251,62949,56148,90965,13826
irsVOffTkMpkSQJgWhssKOqm,$44271.73,25970,7632,78194,37150,75515,64131,55565,75128,26175,50798
CSjrjVVhuEvrvrFEkJsHiQsVYVa,$32351.71,46411,67370,27114,3895,14007,49520,66481,41923,12713,23767
gUvLzGwsNEjgaHcayianPtmpv,$91642.64,37314,26964,19238,34285,63566,59253,89745,90070,84251,96230
YOhfoOioMPobFhnVCUhGqROSYsGFdQe,$21998.97,87855,47816,51056,21468,91492,36842,8186,22471,70695,61073
CFEWMloEzGe,$74399.70,9572,40810,82722,80350,5207,37330,28166,56164,25450,86310
vEfFhhllfXwtcvagMM,$67332.68,25911,39583,97572,63141,34401,20488,88492,87363,80046,88681
zYwHkHmHDFjYfqlRFSijxHNDjsBunUkMTgTD,$49977.80,37731,80282,89898,55077,14749,95723,22184,870,44738,48424
RwNvFFxaSsJgMPaPdGBTrVJiglOVgEVxbjsHp,$77866.91,9122,21933,96499,40213,37485,86502,98379,6988,94998,67708
LHptNajKFNgdoPUvELDmTu,$12040.90,70493,26646,68636,38202,18439,9861,22173,51686,18944,3809
XSllyNzNIVs,$27176.95,62905,12951,53318,35019,65857,26956,5513,92404,95492,43615
WjclrhjkRTJFTWoPqIoUVGAYAuBgwqCtYeF,$42813.84,47732,90523,54402,91541,51198,83821,39092,54070,44400,83873
bmtaMnBtJRvdRAijKWkoFvViDszBxfuzrnzDAB,$75103.55,64839,5314,35705,95616,85010,40184,76345,27365,77885,38054
OFchEDfJxEbKDEl,$60482.87,74112,95917,58696,46078,98274,21064,31089,5210,97309,25106
SgYXiFClkmIOMSSsDxuywpFgdJjufqEywdweja,$62390.60,51782,57432,6142,59481,48584,66921,91302,345,68565,19140
cdGlxmBdKxgGBpgqjSNRRD,$98282.73,15571,52433,71492,98410,97641,13517,26812,40823,17577,25583
NyEuztBpCudu,$7021.95,48955,98341,50749,71908,9610,3513,52755,80509,25710,23016
CukiIflouAHDAqKs,$56629.97,17201,8105,5948,67850,46665,15459,38015,66072,95868,30378
egkoNSTyGNzNsafCtFpGrcDLteQiIuWMahBnzU,$87298.63,77829,47521,67550,9548,24690,41133,33720,9367,98469,65898
