rqcYyLiDcMemSdenIfLRKd,$81017.77,28500,47415,83378,26757,89044,71954,90819,25370,69270,77967
MhuazWDMFIYyT,$8176.96,15662,92747,46883,34339,87900,94198,84369,14657,49994,56324
JeFaRMUrmRUzXDyVW,$9242.99,52176,73360,3371,66062,77035,46656,73493,11295,62420,94953
gaOcwObVVqdYs,$51844.87,13401,29966,4032,83324,62681,47720,29980,36174,58915,59052
LdIAffOFAK,$3954.99,324,55559,24370,59139,14612,88802,32509,31101,38703,46620
jNUJYQoHgKloKWdLkQIJj,$97165.46,69517,20285,27317,67801,91093,91371,93717,14653,43550,87282
qmyexwhjGxrQGKMCK,$28245.89,64962,74389,39621,23085,34859,20926,66535,88793,59094,6204
PpDLwMSUDJbO,$24943.82,59076,45934,38524,47870,5028,44628,57734,77166,71017,51355
rjEmMNNBJQB,$37621.97,64900,26790,84313,10834,65214,32183,82414,76495,56569,59581
gkQpoDCcreLHFu,$69930.48,82350,67420,94842,66663,44906,26808,65499,27321,3303,22068
QwCilQlNScSe,$53050.80,55074,25634,56311,37424,59706,17905,70740,4613,44614,36239
azgrvIYHYkvRmNvVMtFLUySiVp,$10834.96,78040,93076,54172,60690,66744,92183,98314,99195,20010,40114
NKulgxIbfXsvKqkjkrssSXmok,$25073.93,56234,23148,82838,11166,45488,50724,61154,5947,58802,91742
ORHECqPTiimhTBQ,$81330.65,5529,24431,68429,95229,73921,79495,40717,24646,7401,13317
stEKbInrXGaFShATxMbHQKrykVXeRU,$34961.99,85879,95948,68166,13497,36605,7041,21732,26856,10630,8544
lBKyCtOnKnWhKbyFujUReKYLre,$89003.97,64624,59503,53901,63661,11033,73393,14091,60700,26807,40145
AViLwhrRqLjvwHGoLHMbpYb,$53827.95,64650,18060,31961,7326,33806,38141,2293,66097,26931,32693
ucapzIVnTDaUsyVPVUyIhgWUITSixjzRmaGl,$1172.99,69050,94404,34801,48379,80546,47257,59009,17996,58325,76866
RKmPTlhFlOQTsOxYMUykoOcDDdbycRBtcn,$44707.82,31991,72400,10388,9547,59091,41175,54017,96411,80489,79013
vglkipNLqLnHMGKb,$88750.47,6272,49407,29707,16560,58854,55450,57635,79524,51861,4876
oBOalwpyifJvMxCWXSeXaoimryVeP,$38204.94,65608,63500,56623,85147,60900,50758,57060,37088,90051,32841
EISxmQWAzjsXfVnGj,$52171.86,26156,35967,69811,86956,53378,26871,90696,43429,26365,23714
izsuQpvqyNodjBjs,$91852.93,42067,90779,22814,35590,48227,32895,28607,71841,34273,15931
CwqRRgPfusNvCG,$56564.69,28403,43021,8785,76530,75816,4045,15124,76742,19876,26580
VCqNIFsCYhXBNnxWsnQdjkHxUglpGXMCACQIIIl,$21238.94,48966,61163,89397,36949,32864,88371,51411,38337,50317,66255
FsIpePENyHKeh,$58427.59,72403,79821,43872,71920,68192,95183,10257,85162,28190,25342
sluwAzkzhudNTAmLXKdUebdIlTklSMrK,$99773.62,99504,26321,3312,7244,29527,23038,46206,77599,58060,96955
YdTUGuxPFQar,$71561.87,50834,11153,73431,36634,77310,99652,6598,84454,95832,96188
HiVyHyRcgmYvrqviAjqUSkwBppimSp,$83203.80,61628,13395,79694,13280,26856,62202,98859,23599,19127,85868
tRkDolsDtEVjUWGHvLSmSJoywIUDL,$40270.75,79245,76608,15006,6573,8505,64500,82811,95305,77565,37850
TaHOLAAekP,$88104.54,74755,46570,22593,94034,74501,37953,93835,20498,14561,8841
wVJcSCBmcjbnjCQSRsyPqHAEmOBULwui,$85347.97,11076,47935,13375,50788,87375,5588,29753,74177,4652,46805
ftHUBiYNwaIHwDQoGaynLUUftqisBdkgWRAX,$14.00,33280,56080,46955,54084,38017,31992,40865,62983,70772,66609
YqXHhOTmDRLysct,$4223.99,75168,20434,67530,95866,88995,52034,8496,59107,96259,57070
buImsboLkdGzut,$26093.84,62699,82427,87093,81386,57575,12952,44397,14646,32598,86288
autciEmlLlgf,$61309.77,49388,92709,93348,47486,22160,42527,1331,3546,66755,80835
OIDOJXiLGnxRyIXDEVPdRXJ,$63506.90,69419,66820,18444,17472,80154,19227,39769,78900,99261,14453
IKmajUYmaucdnAmqSpKWbUxBOBRs,$84894.53,14079,2053,69458,59367,83464,77660,54360,53068,45806,3930
rRxDHPTsNuNKWCLo,$46911.95,73204,4923,14875,92924,50629,85357,34632,31369,76025,9819
ArNsfjFqgjcTErxGQaDCm,$93257.54,23224,30843,6617,54493,73521,82988,94765,78459,2030,8569
vWplCyowCFtjwtnzfByxPWUuN,$68325.61,34625,539,54201,2704,29895,92802,40266,5139,15558,59708
ejXMGragWceurAOLOiGt,$76200.69,522,27475,67577,82632,53835,9538,70303,68686,37685,4045
UeLrFPMWPbjEjPYbegVxsizfyfwyIAEDeq,$14887.94,19896,53087,13521,22358,52579,43302,78680,47858,73506,62478
dVlzuTzyWDosNtaVojLocRnUAtJHqGNtCy,$11998.99,1521,91891,86410,78136,67472,83800,32216,96049,81200,69105
eWHYMDivnkDtbUlhNTabDmXvOc,$89431.62,57232,47493,26143,46642,13895,69627,4547,82852,11520,76178
gJCMWwmXAyvvNXWYHdzv,$59424.72,60948,90336,9116,65395,73189,20536,41573,64649,92744,83981
ADJMBJLwgzuCXBGywnFE,$88556.66,67078,34995,14096,26574,18976,8406,50111,73515,9738,19593
iaYoYuRWvXvSlBxVbepsrGtREiTgGHI,$9842.98,71467,27306,10838,91773,58158,69438,79157,90657,42134,93015
TTEaBMPiTtoVorThPkkPxjQOxjWrUxPpRT,$19857.96,73235,74751,38763,44806,97133,62936,17862,57734,47663,68308
ImHaHgpwXjlqPQsQOIMBPDTnCxaaIDKsPtRW,$57809.66,54032,28641,73100,56946,84463,74517,81031,93739,26020,8618
