cixLPhlinMwLBUBztMmbxicxuiHsiHBlpaWf,$49757.77,19153,70188,79438,84852,17761,40764,58315,68844,24111,89712
PCplkxdSfFeufAYLjnFExmbCuW,$72628.89,15069,52775,95833,76403,28428,11979,55318,77684,78826,97959
OKRtLRfUELadxbfRyhhdINyMJEBDO,$74013.63,99501,48046,4650,18736,18531,62232,68976,18648,97423,79620
mAyDYfkcOXbbIFcmTKnXdhUhR,$46707.81,59286,87347,15855,39853,50857,99207,2425,45414,57265,14610
SIiTrowdHGQFJxaQqxwyicYfiYEMdPUVzCpqqL,$17269.88,95833,3895,14077,94706,3261,7744,34654,50775,60597,28600
oauSMxjhtikIXAU,$9095.96,43123,79577,87574,5080,33168,98253,29522,57206,23009,15422
mQefedmQwmPnVww,$74146.88,97822,1590,73178,97642,99743,69352,54848,89404,51427,6005
BsjFvvVshlfdI,$42364.81,50146,9475,90313,16641,45479,11913,6045,96806,17819,17410
PsaKnvdUHjxPlNlchMukjNHWxQBQoLme,$71772.78,8164,797,72996,45905,25999,65242,89591,14760,41958,17440
GzIVqQNcgPlKBjbqNdzdpvYXq,$8243.00,31958,46683,83490,81827,21344,87726,6613,96602,31710,10451
TpxIuUDWcurayMDtTSplIB,$8600.99,42516,64338,75269,67742,79046,59461,15541,60155,63774,62386
MCDPvxjKiRmXTYvfSaykxGaeIkMHWqyjscYNzi,$49283.86,56488,31089,33745,97248,12711,25720,39787,21385,12279,57990
mCnVPuSFSBXUALUJJdktIeCkEDLCPlhBnTxCp,$85082.48,49929,95053,7711,69456,73623,15090,363,28800,41415,30587
IPvtUafxPPF,$60030.89,90052,1582,11731,39981,63287,19342,76089,3663,1084,76352
xdhFTCYocELSuQK,$50664.95,10275,80218,15065,88558,86852,78252,74552,62941,48567,75536
oUpUBIxaWAEjSzaD,$6153.95,17273,40644,99408,5831,27496,77661,80284,57089,92880,55820
XTJSURQUPQaYJYyMvPpxmYRJMbJuLINjcWC,$68648.87,35250,20370,95489,86526,34692,5238,41409,19975,21885,89865
DuboGdxboFpWHmzeBswGB,$26506.84,71164,40315,897,26870,19281,26284,22127,48147,65119,3971
QalOhxNmaGigivrCYebo,$95959.73,22128,94247,36952,92652,11599,47391,54024,1329,83188,88916
KzHrhOaDgCcJDQRYejHRvlJclRi,$50539.84,96867,34648,80812,35749,25383,58283,35092,25104,55038,70689
qwzjUesDVnOfqAWXwKubkQobTOrAwkImgIvcMn,$39346.93,68405,60261,62264,16805,69284,22818,66405,92368,19021,41388
YuRIdeOLaq,$18623.93,83806,23000,89124,52212,49913,51388,35669,19198,74106,68726
QXUPsmyUQNHqeFdAMrqIVaPPcStvdWuTUPkMci,$27648.84,92626,68772,27604,10819,87177,75152,48010,13192,24931,96824
byhoaPwtLmcLhoMPrdHQUNgMoobruJOViv,$94442.69,42717,10705,28866,75898,2315,75553,45399,73676,1565,38566
zWATKGHzuIqPRElabvHLBJjtNSsfpHOoepjpvqo,$48920.91,86688,33205,25033,55941,40470,70334,69204,9850,58285,84682
yaNGoBKeKzzANpYSvOCLEMXCIKjoQemPDaVRc,$60639.91,45585,82324,46483,98484,9166,27546,22232,77163,77210,1632
brIkBSySwlIalERnKoa,$18990.92,26461,28956,97004,53192,68226,72981,69915,48915,62193,53132
gjPgTTyHfMH,$90155.58,91622,67781,99955,31355,37697,15622,93449,57481,11484,42771
oTIjRqNEXJ,$90137.41,62764,99438,58645,65637,94056,73234,64118,52430,41015,30825
jWtpVhEJAoSRegw,$49698.99,14201,24659,24229,13639,49956,56519,74347,23190,20637,93429
lWJiqYDWEnWsGOwMK,$80442.55,2094,95436,1326,51950,18707,42326,41792,39244,35755,72550
eAWvzARDoPVUEShPrlW,$14335.93,35303,20950,47555,45572,62393,71569,14404,48887,75824,50279
pCxgNuSJpjyIWEhRAVRxhnTSbtTdPoK,$17877.90,11778,17712,59075,23315,4384,37560,15284,77979,69308,42456
JeHdxLtMwXDfjIinxaaKAJdjLVngmXMVdvy,$26890.87,34108,77330,69463,59052,59184,15110,36168,71837,4544,3195
hQxkzjFnORlBnNwmOd,$90036.41,54287,13299,43838,92776,17743,13685,15804,96804,62138,40784
mYmzNDkPrYmDNqhOxBim,$33041.92,12885,48437,11353,76341,77227,18790,86153,23243,24294,13574
yfuowtAaGqGvNidAdDrDrEybDjPNsrX,$11668.98,90739,62811,28560,78658,55431,6365,48412,96646,75083,87590
BOlGMLkvbXNRvfonJGXpypmxCVfSgOMHdx,$69309.65,21934,80304,23113,44126,25343,57914,1025,61319,26221,65338
eDvupSWlXprncyqYNhiLrriqTbuKhIiKm,$87021.84,50466,77042,92848,59273,21419,58495,32568,2644,44420,26073
ogYAWQIoKjIvqQdBCH,$19874.88,99249,30226,43644,20668,55373,42865,89865,99694,68838,26385
mHIjyRxIbGERWHtAOYeShuSgmAW,$31315.81,52539,75985,64408,21498,29094,12940,39154,67798,63072,57312
IOidhNOHKvoPkhdhJNwJiMpGUsNwWJ,$53555.67,93629,76147,45901,63737,83873,74156,4694,64304,60188,9438
jvJSjFcRsrynkLjGvFL,$25678.89,61307,38415,2206,86627,16632,33797,95823,90380,44237,53301
dUemBasnTCgTeVGjDWGMVzgnc,$34596.84,37585,21267,50316,85391,76278,71998,83977,98227,85739,9492
JFmtjIaveABRCgYxbRmygEjVWmyjriO,$37015.99,12063,43243,17219,27277,445,63367,41520,17405,36735,60001
iYiUyrmggNTGiPQeHGycMwbsrBqyAtJi,$89482.24,50310,4463,72432,99330,99387,46461,58108,94400,42717,16522
qOSoqfksyBtOztijBbAfRjUPxXGSkNFaD,$56094.68,70957,1925,14165,49807,74049,66067,36717,9137,3602,24937
aYlfRvaHsxolIdqIgoxzsXmtzQkApilphxuYsTg,$50784.79,47871,43271,601,88094,27255,13048,3578,88852,63104,20788
MCGwDvEOKmLEKeXROOMKOkWWN,$19852.98,49803,72507,89109,28502,12357,55309,74150,64092,16332,49114
SMWDrUvgjHQxRnufmxWDDdimpkYxqaPjmmmDG,$89226.51,43038,33847,61639,51879,18511,72846,13106,99460,46572,82125
