rkPbfdrJkgwad,$9698.95,6359,1232,83192,81136,37262,19934,10760,70233,11472,10621
LRRwCxSCavSvps,$89646.63,5443,79225,76692,6576,62417,57829,10490,82252,68489,47375
isMbJIdhbFhwXDMq,$25496.95,710,38225,71683,91100,30739,86895,18954,90527,93617,95503
GroJDeIyuXQdkVjPTHOKGwTsDmMOLHetzRCdW,$32440.97,93588,80558,35852,82706,49817,75012,29147,50502,54505,67950
sUNKzzXNmfRfEKHihtjXdBsVOVgWHFQzAekzDHn,$4806.98,34577,26545,34392,83029,13712,67295,25169,14841,36051,49915
kbxrGNQhRBHUjulwAfpQhpNCY,$67017.92,81281,37343,57015,92010,63079,34487,7986,41903,43738,24935
sxLyMDfCQIbaILxeVfaDecY,$75037.80,23585,54586,16586,48420,46109,19020,72762,67547,3640,68326
PYtyauilrLhwmKANjUzUgBpSoccNM,$25456.91,96480,15232,64160,2591,53321,70858,14697,81647,32143,43290
KxOyknpnmzoKDWTYrlQyNktzWngQJdCTaQR,$80240.98,10185,53734,83872,36602,71192,70536,23240,31377,17536,68858
aXuJrTHfayOCAiDRaNwHlnNw,$48087.89,85083,29450,96721,5477,86427,81343,44672,31527,12483,71855
zdWNfWviOwVlehXRDlPiuWnIeqsvkutkxP,$9927.99,14050,86315,23331,52390,26668,12735,26609,15174,62798,94112
unpspqINfjrjbO,$42770.74,98567,39328,98318,12618,25643,88301,31660,52211,67688,58170
mUnGiCyxsiLxQdhsrF,$57685.83,81796,25754,7892,74091,80707,39452,92954,48396,64274,26992
BDojFnHYvSVLvdeMjklnowmeO,$45283.84,37504,90416,861,36124,4882,66349,28865,6888,18359,19445
akCfXlOjyeFKHTjL,$50703.70,35513,12245,49078,36274,15021,53860,69275,10539,27401,54286
oLfQQddfLbIrmrKvCpIJMBppJbmOpWJDIo,$30917.92,5438,47124,32467,17606,82789,23248,40067,5596,29812,95991
QhPhVzHiOWgXAomUodStFrGYcLCHtWVkDLQA,$71538.94,19217,14017,30094,89776,14277,69037,53947,64188,2547,46865
krbQPCctkvqFgUQWUBVdBrryouiflTOvL,$51120.90,95796,74118,18165,64230,81340,49729,38564,64807,45692,67242
IdbauaNoiSzBHUnWhPOvJQfuXUawHawqDWqXWE,$7434.99,24252,87909,32787,6744,77494,79150,87190,79423,26258,29619
sWXQTCDYzPgEWaHlKYUeGksnSHQKxPrp,$60962.96,92920,79713,32161,92321,34095,17932,91622,51253,96520,38796
DaJntwhAnRxeINqytxPedhDO,$70317.98,95615,62092,68058,77677,89183,97972,43539,74677,32859,52765
ICWhVUwzXedNHeONMLWzJpba,$65773.83,45086,20526,58061,40177,95925,86553,18197,31784,77361,92164
QeLFSYrpyBFzBkiSrqafgjpdOUVuyTcpxOuq,$58337.64,89894,97276,53097,87145,43103,22124,92940,48871,75016,40139
QqQgSFAozyHCngQHVeTcPgnBuiv,$32829.86,56765,18869,26789,63306,9998,61417,66284,6677,54884,46449
DgOTmCUhkQjf,$43548.97,88665,60916,66589,12183,79685,93279,42141,89584,21448,8425
SGUVMkPzmlgwcpbXIrpCXufwBomtGhCYn,$87151.75,5930,18842,16597,55226,98358,23176,41401,42782,86903,41970
gkdIyqBFWeEJcA,$70051.77,42630,91331,40885,15212,10173,24135,37090,75183,47211,45143
qRzxcCFbShGpLKanLk,$99613.30,26531,58189,65203,63522,33373,79066,8665,84643,79833,62331
IYVNzpuFEgqEtcpPa,$32073.84,42028,72899,70144,26671,52732,32475,5108,11631,90750,98239
jESOJzFoshdHimwPfbMpheEGh,$58605.93,33578,87863,48527,48214,78620,36862,72915,66423,58239,89133
LvkthgImhUcNaguhwTa,$17749.97,22018,49346,34920,5724,89067,34986,59586,20464,45816,43779
RJXOsNVvoBAxlXIgQDTrfPDMiRIymyWDHUsAJ,$26477.98,47552,78899,76676,75549,62088,82601,31846,54156,10545,37390
zaxIykGVNpQGPa,$55250.65,24765,80906,80499,72218,59805,57175,14519,21894,6528,13017
qNwQNtzMDFIRUYykztvW,$36545.93,63894,35484,43510,87541,96270,25874,20858,27626,55271,37989
EvxEtIDMDArGQIMCUfSeOAAuX,$60791.69,34495,76406,76377,77140,56220,54818,36941,31339,68827,94594
HUqoLYboUGiyviYqgjkAQHXDATTmWOkejA,$86494.96,70333,71378,51104,35229,1949,60101,63491,85411,22547,42759
AWfREevExpqTDAYMcshcLqwngPJ,$40117.66,36422,81674,90924,96360,53484,13086,46445,7000,78187,81070
jbSBHunxQaEgjJnftv,$35648.92,20446,44724,95908,93998,22911,43730,77957,50859,37575,75194
wqaThayNkHbObVmJrFlhaChkf,$25911.93,46125,34068,90953,50378,42163,1674,99862,18356,97973,4456
FTchPoQhtBoSevDjqpaYWdEUgdAIbS,$5979.99,45502,94023,78920,40989,28952,11183,3618,18721,56124,66867
IdrjLsChzOENRPSdvzcSKwTEHkYqXVEHyVQ,$68775.92,7799,36314,84786,83014,11489,28311,24406,2643,71438,9009
fcUJjEizDDeKcz,$63613.82,41075,63692,68644,52464,58655,92951,55007,30094,68612,33043
nrkwwsWzwbkyblKp,$90593.94,97185,73249,52202,16401,31905,11905,38061,28651,47169,37756
tQAPntmMPNWNOiYeOovXfqKKLeMck,$96265.71,14950,45551,60789,47733,47025,21478,96212,74238,35033,86220
igpLudGsjWDtjH,$44732.89,76151,70772,68219,21703,98214,15952,35380,86344,78817,9619
gDUmSGGvnzEkCXtkD,$18714.95,15424,96913,43273,50705,83257,22090,26976,71286,53780,59021
xCSEXgDdQgAkqfpsaYP,$69762.87,80248,97710,29851,51534,51490,55524,99664,33340,2200,65034
rkEubKUKBz,$31866.95,38898,89921,79864,85798,87631,9715,37332,5873,31892,3748
UCjLMNgNYByAAYTAyEMfpjl,$41166.79,62752,25725,92426,33153,64739,93071,68488,51327,74850,85912
nvGotGOSBOQFCVuLGageTJdmU,$46482.89,19133,59241,41182,89791,80758,70670,96649,61135,61606,31021
