hVCtCiHyEOVkDVxJIhqB,$86810.96,18040,85582,18170,51380,44700,72481,54916,1163,25908,66608
wVGAKdlNyIWGpoHvwdmNdnIrWuMcJbkgW,$51911.88,78178,78147,99677,87914,65055,80141,48305,63738,66089,20349
xQMKzDHUrJeRtJPKQxdjSvJmTaSa,$13061.00,95802,42052,3335,25023,29765,57621,32612,66375,98017,18379
gcjFUjRRScEOxrPaYGMJqtFpJRlDnBSSDc,$55317.77,91108,42990,88208,49224,90052,73132,27324,56367,57283,89777
PdVGVBvGtHkhIDzmfykqqAvIVOzIXPUNsr,$28428.99,75227,80332,94152,5340,36486,2846,82636,15497,32625,32780
sBEicaQXOqhmFBAYSuoMkJYHOsnXKfmChQK,$6048.97,42197,41487,3274,35757,97250,66531,90696,93982,95790,81039
uUgIMTGWysAFkKpBMWhFlaDb,$58516.92,35459,49501,16132,40840,81687,26081,92198,67866,29270,71784
foKKyUaziwHnHhQjbrtIdAOjAaxoGtyLII,$48623.79,8981,80529,74959,3345,65714,68848,75375,6951,2406,15967
jEsRgtqTaJsLRbHYeeFqytOaof,$12622.93,69964,83054,91159,53863,84387,81095,17930,6710,35935,70549
DqXIGwcwwQbGBLvPGPWuP,$28399.86,93110,89856,7968,63659,89470,10527,89993,38558,608,26263
eASUbzVnUmTLjNbH,$23691.93,9306,48460,52154,65428,58888,42147,3986,26148,35062,83192
qjGrIcEDoY,$5513.97,33034,54945,2535,8992,3405,21341,74320,28945,30140,78206
uBbKkHBSjGWyFlwRBcqCmKJnpCFYHRocS,$31911.98,22806,71524,99576,23721,15947,77514,35522,72971,7512,60908
JOstchVigdzvEsKQwiEtOymtyQTqywyHlqANxVV,$76023.43,74663,46636,76097,34580,16749,46463,89831,49041,37077,67888
pYxhSnfplMbBnOajkeIfDNRnJcg,$73971.68,25207,90722,36175,53483,30892,1487,57032,2475,3938,87106
hGJhpTlYyoMqCVti,$62397.60,45563,45290,35080,65698,76083,3220,22730,78458,7058,9836
aCKHSesrCHDSkz,$37114.87,58881,82491,50068,48263,27701,57026,24752,30757,45086,9636
buxuLzBORloEdsOOlShxSK,$66400.88,95185,91235,91089,4821,42399,91272,19104,89487,34518,23003
GTlRHpUbeJ,$36014.00,20070,57213,14057,90503,84444,60060,85688,42431,17901,57161
RwMWbgdUQUcFpdJzOFQXvsEGNcNMjsGbO,$86445.76,19839,22840,99473,15655,84040,25208,75533,75110,44708,3227
FKBDFUjnIKAUTSBvIv,$93013.48,5204,32729,43622,80637,74492,54982,50517,47770,71870,78939
VzMEMUpoQJhRfpMyoHtxrLtwPFFEXzwTaIX,$44587.92,32663,42557,62480,41266,20540,31052,52927,57620,85217,20888
jyECuuIbygAVzAexNikoCHWpIvOIhVcQ,$85613.79,54063,17330,85217,16368,38969,86759,29496,56388,57644,12356
ehOSkVPYEKNnsjOjdvcQVegvKwPRmOvQW,$67895.80,1224,58391,47370,34597,98729,29215,5353,70367,63487,75079
UFrbbCWQuJGPAd,$74799.35,83325,92273,22272,41716,6395,23522,40445,35510,28775,10812
nUhSLjtNFliprYpuzyDFHRxayNVhRctfwAyIJrw,$18397.86,34661,51281,55370,38161,83884,53756,9835,37635,2220,40434
BGtWnKyGqViOErFAhIFmcJhqmaGUB,$47198.59,11013,45738,69204,27398,53316,33069,48487,59422,29492,37984
xQqyxYeJboqQAQyvRowuJqtTvqlrkJbHa,$57063.61,15010,26430,50224,71464,12474,48649,54517,51140,68102,71155
bEhTXckItuSvCsLiqcsySQwAQlhl,$48878.87,81491,81049,24174,58669,18674,81223,32475,53952,79750,69643
XLBoNUmgLIHcTonL,$15649.95,62056,6506,38414,58728,27289,23567,28605,41028,4351,42295
GVaIqowBeKGXiwVQJfDNT,$56638.60,81228,59302,21599,23523,88586,61843,73599,18902,6019,74242
rknBqlJMhaWLDKG,$70149.70,55741,22616,13609,15043,44115,3784,3629,72611,77284,89084
qKnAxOQIYepYbbdlHwiv,$51333.96,59708,68119,88604,32319,12155,44440,77501,30333,84131,28836
EeyndCCCdeFplBxGiOXYufUbvSDcaSkFWjsbLvD,$95863.73,97204,90524,64231,37268,68834,34346,74914,65467,64069,80679
lPfORfHCkfLDgWyjmXrqibSaTjp,$11916.98,33117,63212,9404,25944,21008,73631,89334,34014,19570,60890
FzOyYiipsCyPHyrCqy,$62888.68,16386,99948,34140,12405,8414,30443,27704,36558,32675,64366
iyvGoDEgguElEUYTgY,$92437.88,35891,88631,69292,32987,16335,72503,65562,80601,91231,47963
GFvkKBPfGcKBAEhYQQtKVy,$34341.96,25653,56535,9827,2730,31550,60789,10124,4886,40165,68875
uaPvATDzLuTVPRmjRutA,$43413.96,22106,75699,39055,61565,53035,50157,11699,16498,65225,67562
senotfadwuwXhaotsQNJGHHQbTWU,$99571.72,45760,46878,42479,83523,14226,94240,4657,51632,47965,17378
jCpCuhQfnXMEYgBTHhjAQK,$78064.44,78515,30971,75248,56894,68166,48953,9449,90632,40673,87193
rQmPXnjfTsFKenEwCEsTHPtMCVmWOregiPvFd,$62910.75,31929,43610,59571,87514,92152,45833,37685,71203,78234,99675
TLiqxEfOILxyhCbmNxK,$49770.68,56277,2694,89501,94132,80828,55928,8762,66712,74487,34784
rPeGyPewxGxjuuTybgGtpUdnKL,$99660.53,48164,35481,95786,11095,17488,13045,91325,28993,37544,30925
oJTifoHFTNyIIbVtmnMRPFoIDRyQYLbMUUVzI,$46809.79,80440,96326,91507,77756,5496,39143,34744,14430,159,51418
JMVRPNrGmChaWcVxl,$27785.94,16414,35080,49166,55457,36476,30249,22268,87795,94516,98059
cBRpsXCUfCRGyOrWrFMVDBEjldiAJQclsTBKref,$96994.39,36199,34703,87359,14031,52855,37112,68937,87321,21845,6358
zhuzQlBdeUeOmHUi,$65784.76,84092,57800,69910,21204,26737,23983,9701,99647,67879,85961
pSJaUMePqtd,$97671.76,79776,14758,47544,9857,58526,64599,60601,82978,1261,48457
qsLlLEAepbYcEPSxsQ,$45075.86,82396,95565,87580,13747,22919,37310,81561,71276,80330,73357
