iaiJKgpPFzsQXHhYYhyYja,$43945.83,13491,92803,76567,98702,33979,90439,12827,85180,34380,55978
shdYgvPedwCCe,$69373.79,77519,68066,14911,90910,60869,91378,56364,94749,48570,69091
YuUsbXQhTgKwDnYHNAuOtNyPoglrspxsJskkQbr,$42103.98,55587,37306,13430,67314,36280,7166,5955,79426,68867,59307
OvBgOQEhawQkMRbWYCEkQ,$67197.92,88989,67052,83513,15048,47286,41703,85738,84591,50618,16580
PQymHiaYIwXlAHBKktcyeROCyuXGFHf,$82032.92,49229,70786,41714,38890,86108,72922,98923,95011,85021,19900
quaRTDJigjcEpHmUdlxlQjRVCV,$24690.93,97569,6965,41461,58665,39852,32921,16764,57615,50996,53311
IbRPnmTyJfPswLVtKdUtPMXdVvS,$82235.88,59832,94406,1904,449,70432,4609,5606,94117,26921,3287
sxVDSpNVJiLwgoRcigeWWo,$35119.99,98775,15842,708,68715,59136,18680,66143,18758,68677,7231
FrbNCWtRovzvYwsnkYccYKxerKgubB,$57569.73,78948,46046,67722,55271,77936,72412,18058,43014,67237,14814
VtlXvKisoaCvTEWfKqsFLdtyccKwlS,$199.00,14556,49005,29752,41040,41815,81011,39096,51225,68133,5803
ssdOWrLvfbGe,$95092.33,43736,5735,46520,95475,44841,27728,44480,41245,68669,52947
FiPdFjvjxSAjoglUkYJSOoehizX,$29975.97,92490,63557,61132,49533,10430,75068,85945,4738,41526,31458
QrkWcEGAOYOd,$82953.94,53527,85430,41373,42667,75737,33864,6224,3621,83297,83207
tqLbLCRvYUaG,$74283.81,77314,51055,15632,29496,92329,58199,5233,92845,64324,75407
GaEWLfipWDoRdunRAxIjflVhiIVKcaVI,$77927.88,28013,68145,10004,56500,10029,31003,40520,59314,89909,20185
utJfpqMymxAMtkM,$75294.62,67063,7159,11396,35209,17063,34549,45138,14718,74969,71104
JitdRySimrTjRGDBTwRRVUsWNHSBGvzqDSSUR,$95476.49,20912,79719,83370,12905,34708,73719,79958,78878,88259,18366
IIGFxoXyUtXKwrEQjPtMt,$70574.77,78421,34817,22686,66680,19836,29118,69946,50221,74399,89924
YNdtGcEdtjtcymorbnfTCqHEplpWVfc,$13997.96,22798,30499,20303,76281,8979,71287,34566,8971,32831,71171
kKcVzYrFALXGYXnRzNRvORcfJliGnntXxvTXTl,$1155.99,43970,74689,38071,43197,34179,73274,34386,75068,87498,49920
MhmjodLniozBLjkYl,$46455.92,51241,20215,11117,86374,21598,5672,86159,15269,61038,48059
MfkWeUIHWKwrT,$75528.65,27319,37722,37520,78460,57837,48538,64835,79335,20862,17746
eocQSLoxGwEdGAuAeGtiqEXkQOyPitqmhRD,$81170.85,51441,44101,55303,18975,20551,54111,63766,64405,76028,83691
OESMpJcNakGqVNjYN,$58447.95,58625,17271,74585,77500,4475,95349,41266,68780,71377,91610
JJAVYKXnKHTAEijdVVu,$75129.55,81887,50855,57868,77236,58774,93300,15365,17136,14821,53087
wgGGfTrMNrQVbUrWOxOmpPiUHw,$25169.86,28121,63155,73061,46304,82094,83299,66682,94124,14404,90143
dUWePoAElOrAfzUMvqSNVFcI,$63231.93,2329,83415,35666,98586,76927,26863,31059,63628,8309,69020
GKKLJfYfwRTs,$86088.77,87828,14839,11307,16561,68129,13536,66628,70447,78774,43556
QcykLEuVrec,$1354.99,46335,58582,1764,70615,72726,96550,19918,19503,9658,81828
jnUVGTCiPjtxaiqXSggJvvDFrSky,$31943.78,53281,47893,23512,68092,89029,91305,76309,57299,38362,44319
DVjNsFrxwJhu,$43464.97,65979,42725,85140,48062,95906,99685,71474,30750,88715,29532
rGMuJjDWbIoyFYFavvRofBYPXgIVRES,$87015.90,48941,30193,54025,63734,39348,99136,92672,78855,60971,49043
UbOnOuONkntSI,$71860.63,2600,15588,21243,99345,36266,84878,38693,35402,44302,17548
iuGIjTxDjKnVfhepffJnnfRjh,$83051.45,92245,32478,19036,58599,81141,67676,22769,25990,98066,32891
OQqtxuJcASp,$4202.00,2669,55181,36881,18940,2863,85070,34060,53454,67616,98073
oBskhmdlWQbfTIUxDNdtwzyySYjo,$76351.48,5482,94616,75480,14406,17490,81197,20130,39171,49799,48304
gmQAjupmnLlMJeLTsmhRavIYrMAxnsFTFxuORJB,$89831.66,19862,84980,88326,56648,44688,14208,28078,44659,45373,94024
psxqQLIwFNtadmKErGrJmInmSDsTuuEjM,$77924.70,59305,95124,42877,67849,82330,6455,84847,70226,24611,30320
kVgWeuIWxArRUVAiybLMJLggGAGL,$81374.67,36942,83734,6066,57635,26016,52077,19729,4316,24234,47372
TAJhJwnpCnVoRhxgnNryWlhEFgCVBcTVcedLa,$20841.92,29573,50524,83474,37452,25231,8030,90756,83382,65127,47754
wdjDGFEIYAldDwduXfXVwtaKuRmMIKqfOYivEnD,$96604.84,8731,81276,95616,85400,81401,87400,75229,77752,96360,15285
VXIIGTymIxTeChHGUWnmjXxSOGzbigXeegm,$50616.84,58345,41873,45745,60526,82633,7896,97018,66363,71814,22871
efacCsqIRRQxPucvGnwQJEyA,$25888.98,19248,86146,17160,44789,28646,42442,2064,48830,33248,45025
MXlcsnyyaupJYoKqWjcUbfXxHCxDWEQ,$86928.72,73820,26332,18632,47202,9877,99574,4477,65504,34502,91192
utSxpTcMRkOOnLtDVVfjRuSLky,$29491.96,34776,43022,65693,83421,51928,39093,16032,42731,1313,41347
SoFwJcbsTwmfGkzPmr,$13779.91,87163,60883,72213,96546,62096,13560,47346,63080,39579,35003
rRtjLpvqvFPKRitbLodpNbgmfaVbgLSWdmhOc,$96400.95,82462,89086,44779,83997,91950,90573,54116,16704,92647,44803
kQjJmJPyCNBPu,$97326.50,74247,59792,69353,30086,71223,53351,22036,61796,74119,38641
vOvLYfyIuwLHXbcoszkheaFJ,$19835.90,47968,25509,42059,38737,34875,59333,90106,26308,79257,3110
xJQlcPUITVoePuuqRUCkkIoyu,$91041.59,62303,74763,4809,25769,85976,19093,91253,85796,42192,47158
