OliVuDCsVvlUCNvtThXRVeTPLj,$87146.68,67179,40487,83260,81549,81691,85107,56432,54012,7540,72622
ByJpTdIBAAxFunQdDYcvtpXWXUDklhqMF,$14436.98,14230,84818,59122,20261,94899,91439,82625,25745,31297,51115
BFXCEbMgEwDnbOMjeLsoerWSP,$58872.84,60843,59216,52879,69825,80184,41477,61795,54238,65403,66541
flgTXOXJiMNzJhOlSmdFg,$90593.73,14128,49543,1072,79431,82736,93184,19066,31804,56581,95575
csJJfyIofyAXkddqYAPqSirN,$23461.85,90938,16250,89629,14867,13457,14871,97157,97527,53174,60686
ctMLwQBUQrljAcwzYJAIRCt,$37624.98,17850,61600,79979,84873,13160,4434,8719,10718,92251,71878
lXLVXTNaNENBalSOWm,$87132.84,13259,6909,2236,17594,82180,12855,76497,54058,68003,99713
jmQDzqrEfSePLTnxQIosSlsIHdNBAETKqko,$99700.89,16767,39733,88277,46691,95832,10318,43143,73967,54583,19506
TtnXGpyljIctwRtBmzYKvidDOmUjNEPhxCf,$16435.88,83997,77917,85374,4295,98869,27544,58195,40057,86824,60308
GisJLHVgqJKgQjjwNAadcLvvUEjgbwqheIQPPm,$21661.92,65733,45823,33711,64260,81133,26869,13536,27865,38650,255
heUHaKOfufUJrrQmyEXNAGQ,$24042.86,70396,60956,47690,43762,5584,26164,2685,76162,9760,82585
AWhVGXMyJKCHydNpbCmxJlOGrkYEgc,$577.00,38859,58548,52382,9817,34712,52663,55279,1839,55163,85723
WQhVtWffuP,$54544.68,58742,81568,6283,35086,88316,94681,27931,93827,53230,80213
OBqehouEEbaYYf,$1785.00,22286,5319,64877,34375,65205,97085,56944,68683,15443,76217
VuvJovGuxtcQWSpqzsTTePNXhzxcXvxTPs,$4040.99,50928,55592,90871,96194,47644,44027,626,74080,23463,69627
zMdxyFwcEp,$42305.92,35302,22075,92177,15986,72903,14521,6857,35849,62065,17536
FSYYtlBQkGMLlcfG,$69793.51,6825,48915,98077,65654,64801,37732,80075,38310,73482,8892
VISuhLFIcPpOBARhGbQSEujbEKpGGsFcAXwH,$4137.98,4013,47354,74095,51132,14482,30919,38484,90301,76637,35595
bFQKIHWBnxVTqWHJOniAdIQdXNJfPSoQzF,$59781.73,46854,26044,89740,2414,41770,28350,15664,87926,49878,67873
OEPRnguKTEPkxEbw,$74538.90,36356,24361,80404,26096,93327,88827,54346,8991,43505,70876
JikYzWgUhzYWJVblt,$53447.80,87030,93035,30119,79779,86362,85598,877,62006,29104,71654
HUnGukmOrMNNVKphezVBhmnKaReXqQbXL,$15579.98,50299,5755,98994,6245,69750,35750,19257,13857,30425,27524
dzzOmJOeonTforRdwybnTrqDupXn,$85623.80,11945,17647,7923,26024,51222,38793,73249,55543,19962,92881
xumUhIrMiLRV,$61234.62,88532,54560,56811,5568,33158,74358,13391,25834,25581,52084
HLIEICQDJYuWhhODAVcgGRQzKatKBlujWCn,$16093.99,87662,26302,26733,29364,82387,73898,97897,58612,5054,33488
HJDsjwdKHWtFaHKFKTuNYhyJiLvfBo,$81828.93,40307,38973,71856,86384,3181,29828,6919,36206,34310,80892
dABQYIOjqbEvCsemPqNVysMpuXk,$98892.46,27550,78932,83366,97188,22379,79765,6515,70100,63764,62379
xcWConsBIRuwGOuQ,$91812.80,35219,94905,93335,57498,74670,99750,94251,5186,28882,47847
KQEYewaNoukuIe,$67414.59,6648,20236,61598,1554,80223,19096,42876,79974,13347,47963
SEEKIDOfdcTXLogpazdTfsnbTWyE,$45967.91,45126,15489,12920,30297,79885,82965,39641,2383,62164,71031
MVURNIshFrLbrJ,$53047.61,3497,15345,93028,82970,12294,72913,32687,51835,75197,61503
PHmkzbSsHyJuabDqxqhhHmIiixqg,$60010.96,78571,82307,27333,27034,673,39063,41542,10364,44923,47338
duqTsGbzOMiWUfnAQyyRqjDITiSMlmaOHrIzxJ,$74726.96,24205,22771,59149,24623,2770,88953,1709,94645,1164,6028
sGogrAggHWo,$68766.98,2207,83904,32721,92964,6676,91771,17587,75998,80724,19196
PURibFNtFUYoRoUnLBvFoMp,$22827.88,54671,88349,29719,46447,72546,25412,54186,64151,91205,66248
NzagnUSzVofJBTwdlLpRxYPdYUKfNlr,$16810.95,66346,72736,17355,3245,13836,28228,61367,76433,35473,32688
JmmyxdAIuIHGjFpyIGpF,$57727.89,64658,92141,36831,41091,94267,69420,52823,29049,94168,97255
fylottVadbOBJvROsBCoUqJwtfEFMzRrYCfs,$97264.87,26836,82156,96378,23501,85933,83752,31600,69717,10042,90521
jNTsJnWpTJOlAnnGfkHWJkd,$7175.94,26093,62542,2564,16849,12781,47987,74957,37634,44307,29724
zohNCNSmUqWFticYLAYjCgVzGRkddnJCcQP,$91276.52,58787,42061,51836,10064,3252,8325,94235,3306,72214,76349
QqIWLHDDrhGFQJHhzLKIcIHPnbkstryJIGGuoK,$91724.51,8089,47390,85815,1098,19350,89392,7770,8257,93521,66782
ifVUghNYXLIgs,$11350.95,92551,59621,16043,808,53142,49477,89964,59506,93760,36878
nEDmDpuJhkKojJAAOzyhqMomYQouzLlm,$4634.97,78766,4643,76031,14205,9309,23988,57817,73178,64715,84124
xzQRydCKTRJNVerHhFHTEIGrjS,$901.00,48342,65348,95216,71332,93742,79408,45023,95314,95306,64133
XxDQjChcfVvYCLUKnlmYoiNJmklXB,$34402.93,16887,27287,48470,55547,44278,78818,53969,33792,44388,37801
FyGtjSsxAFHNQsLsIfRWAHSzEsEXm,$57662.72,85846,48813,9179,45050,88870,43176,99684,82297,80308,62761
RsuwJrXQKWVdBTPjMIoMuD,$90969.98,70532,90634,17893,50840,53396,91967,33482,16131,87097,84987
hOcRMXuNrkWE,$63963.61,93499,50675,78918,29095,21208,36305,13640,38700,89601,5607
CxHneVPvinQWFbTkuFbGuv,$24131.95,63042,52673,97047,38301,8550,76518,87818,99688,23852,78906
GmjBVdGWKBtDAGOnOcGNrySUUu,$36354.87,6587,23670,28262,50876,12522,31875,96222,89084,36730,65730
