wbkdRMTKIiQJkwEPKSDE,$43291.84,52560,84205,62447,42315,45451,74307,5605,51560,73835,96894
QGaBOISXspCi,$32745.96,78277,82290,94465,7477,91257,39916,48436,96762,58129,22272
JuAjvpRNnkeqSelEjxV,$26362.90,52316,87453,77037,51781,86015,48691,63948,33678,70767,36447
LbMefyINvehznTKMGcMxvhVJBf,$77930.95,7646,50714,40837,53369,1516,49099,33761,45819,94703,43455
sOUmAisCUpxCmGeQzqxQyO,$8857.96,53131,82119,39594,80510,2429,63130,6970,92927,37526,62355
DsVPYaHYqEPOuyIeDVsVYofqe,$79635.77,23886,94820,61853,89620,48691,31440,58552,13027,50916,27708
vJxpHgulcMGAAmrENAHdDeVawFvpwpy,$16815.96,24477,8378,8191,21205,48561,58174,98447,47748,32043,70610
ABCvQYKprImaoOBgSQDy,$78834.96,52147,43981,68933,50595,58381,67629,87857,33821,63062,79220
PYjaNaJzaXoCDHShgxuBwESwpLcW,$18042.86,44767,6477,84646,11394,461,91819,17834,81488,1760,21969
zEotbDEdAKLHgu,$96319.81,47561,15014,92575,92229,21391,43973,70275,88405,35792,54762
NLpMPdFqHltHVEO,$55065.78,3785,43356,73412,63013,2337,61456,6986,39265,16613,42679
vbhkNWounVFgDbKSdkEHyBTaBqY,$16284.98,65513,6260,633,10330,71422,18432,62481,89416,36400,11408
rFgVNFxHFyXeRCqhdDDn,$42761.95,80705,18363,29726,83757,96323,10349,22478,10102,86882,25967
xqeDoBHheyNGcRuhohi,$78537.91,95086,91478,40770,5188,45113,66638,89640,74977,4219,16270
mbtSERHmtYgbnnjeAtl,$7402.99,56723,71950,59519,51624,26073,67433,42838,25760,84503,92104
PGTUHnFBTHLWUeVpusuXqTuRj,$17645.92,67006,23118,34431,66068,97079,5980,57856,71977,86920,75303
ecGLYrAkGQNetOvAlCBaEAfYTCDk,$56279.68,57603,56666,61578,55949,91648,91304,34704,12194,11442,17300
FPFFBHhBmHhmbJplOrLYuTSXROkx,$14285.95,94649,8987,31069,64071,89330,88569,56812,31351,68771,7954
djQoqXpCkRXeWEgixJDFynfyvaSwRfnUNDJfbYh,$6734.94,97311,80737,54133,9866,45483,59660,31622,25814,90611,81478
aHFExTOTqvYqHDd,$53278.59,24932,9321,84168,5669,63354,93934,17805,89666,92208,10271
YKgHPkEJYyAUyQCBtChEvHTxHBFU,$35568.81,56209,37127,477,70457,78197,43244,32937,63512,56345,17112
lMeoNXQUcmCWKkyqgCSGghoqlFFy,$38159.90,39121,92682,12392,8367,86860,39684,94791,23993,12537,23527
okDmAjpTQUbElLJrJfLwMRninBVESvXGfb,$86446.73,55372,72213,1510,74243,22062,48818,65410,40038,92634,18622
RHJfPwHlbagyHlAbrljPMMQRAcGGxAW,$64313.88,28399,20644,42252,47761,93844,37463,52461,19368,19182,90664
DLrOuibGyShazNyalOIrk,$47245.96,81124,34390,8206,492,20224,98770,30654,92085,35706,99135
hFvNeoufnIdMTRvlBBGO,$49609.91,91193,40571,60787,26899,39707,76569,3366,32685,23100,63228
tJPgsSSLkOWLqDB,$3327.98,70698,74661,54462,85477,79503,10764,17548,45693,41375,90656
sDieTlfCvMhnbovjxmsMjQMyxCuWKjhdmOGgbM,$56449.77,75972,36456,79359,97293,72355,81377,70843,21105,94059,28594
NbuQnIWTJjcfi,$97512.35,79516,88585,17085,55488,91693,96344,19533,64048,77721,90277
PbnDdhTPPQJabmEIetQaMHxVa,$44749.82,15924,65497,15679,45001,50276,63995,70867,74639,60222,94312
XEYhiSXHfFEbfMhpHwYRnWfF,$63180.92,93115,17390,6223,579,11608,21794,5958,94415,51477,30270
BnRGowtwlcslTfi,$2577.00,94103,52777,31439,44825,65418,82561,77257,58276,36586,20630
YJYivXmQfguxqNkHtXnQtGliw,$81546.64,58458,91013,85984,68727,57122,69922,20751,90296,98011,87204
zqyMahgxTwQaIywbwaJFRRXHiL,$46120.87,99226,63328,89362,64973,79426,69977,42274,59258,42728,87733
tsnsoNOOWuGPRNXDkITXCjDTl,$55503.71,78298,47416,83449,83273,16721,1313,11147,13315,99106,30448
BlQUjSDmNOUG,$6088.00,27032,58951,78687,20252,96505,44863,85208,36101,90698,42069
CrxtmQSeYxKtPoUDA,$23705.94,3398,8793,24750,23550,5298,69513,8758,8051,60211,50727
ILXCyOvcNsN,$43391.93,62513,90687,88795,87164,80890,60746,56677,89548,35449,83541
hXWfAvtwyhOLoWNQIqGCRcBlMqTewJPeImIIid,$5856.97,24353,29529,69154,85236,87081,37354,135,25622,32952,71512
rBDvJqDSygXEqRVNJbCkVWMj,$9862.97,35965,75122,74545,66608,54676,36209,95412,97710,68808,38911
LndmPMiMArHsYMexFiXd,$59710.60,20800,12543,90983,85162,81251,96546,14163,93175,95251,31453
syXFYOnQnaUlfdjIJsYsFBJtSAbWdMLwKjcjY,$39684.84,39127,1313,58319,76289,9477,55609,46326,60628,48469,70312
kyvKYRNlEJVNLfmAfYOAVj,$89857.99,75445,62267,11827,90566,99231,36049,23035,12196,5373,35794
doPHxMVJRHkxGzxdivFSbHFGp,$61172.55,12462,4224,37424,44700,42549,15749,23709,76640,17590,43723
PBbMEIiKcj,$19271.98,85505,79692,29449,95880,36192,87058,26992,13062,46504,51642
SiGdaNSHqF,$103.00,90714,29086,98770,74530,19955,16184,56901,27880,38469,3614
FxLPpRwCbAfSKyQkaAziqUscWfD,$33469.86,77428,87088,45228,16570,24758,98469,41990,46395,94339,26508
zxOqHORhxiCPJzuoaOkboeOdm,$94821.70,54332,74097,74052,1128,60470,24847,89079,84925,35121,2431
OPrfaRzorOytCcigN,$71932.64,18708,8302,22589,86389,35424,14088,75468,20349,49110,77799
IMkNMBNATcyneaUJO,$20745.92,63494,97690,68245,49883,99767,82233,92003,20116,97995,69802
