XRULtSyEHqyRQK,$7965.00,50033,11569,74008,96650,8842,82622,74634,98766,87309,34510
YiLgylxOvUdoemRNhqazxdGwzRTO,$54862.79,5709,69335,9949,20533,84224,89577,15545,64457,54768,69450
MtKNTHqaeqSY,$6720.99,18955,6035,74528,80797,46980,61752,41225,902,66841,63439
PJVGLWUzfmWHDRxOoQaWEXaC,$33650.98,58989,73408,53246,2086,79228,41917,7762,78575,60157,32695
PavnHyffouVoraLQDunMDFhfo,$25537.89,70283,99828,30696,80439,62689,44826,17937,2809,2521,94209
EIWFuOIocU,$88717.93,41271,53771,92545,60847,19089,27257,13119,89273,27085,43715
rxXdgtjKcFPWTX,$54128.68,92975,16177,77941,52272,76924,63683,79429,56695,19708,73166
XEPVhvOPgRwwo,$17709.97,93940,63067,14526,53667,79144,59119,5939,22820,22802,85268
PmWnqmkXHyNnqkJebEenRhdClQWq,$13770.00,95685,41463,44560,39151,56679,78964,45641,51731,96574,54169
IuMMHftkhecevDzPuGiafLpAxDkwi,$20792.00,45462,2144,7428,86109,14573,87593,73476,55049,17125,53787
oURShHuelEatjEJjVNqSLHVNceKXlWPYsIS,$91327.72,66799,46381,62660,34445,43966,45276,1694,3672,89504,26654
htqIWAHixWGPfzOUmrveTOfcsogJNcmu,$93308.87,13733,93564,13255,29621,76686,41011,3482,84976,96671,55650
itVexPscrKPWuDagxUHbnJlmJttyGAcoT,$35654.73,62333,60995,34792,16035,23567,20159,98601,23345,73582,76958
kpvxyOqWvQzKkWCblotQlBTcMwzwSEGDUBb,$24525.88,15026,64377,67947,26565,92233,71058,83786,37423,5910,36815
PXOjaBfaxXEDBzg,$28022.83,21260,18506,24713,25335,90968,61428,74353,23672,80159,29408
PPnPomvrnuxPntjVCkUH,$21015.85,26086,95066,13240,22146,46176,76732,69317,39774,20307,20606
TbnpXCcsLYUvtcabnqSphKILKrGYqq,$44538.83,21725,9013,3679,91265,79203,10354,67018,54729,12396,56307
vqMoGtyOfkgMI,$68080.88,98111,75676,38947,19836,84589,42527,77754,30544,52781,44772
dvGYLuMRNLGTVMgEjIMPciWJtf,$99493.72,81871,59043,6967,8563,10676,59061,83977,6631,34512,57440
yIkENtMAjOjFzcKyHyPXpC,$47275.82,17779,14387,67181,41872,1761,35496,99230,71656,33721,51642
HQBwaGvBRujq,$91519.94,29088,14283,18802,96170,22807,87115,98318,22038,25524,32039
kUSlRsSMTKhD,$13275.96,24146,32846,90878,20316,55554,77993,85286,44244,3517,17326
WexivPAjKlqoLiXRNJHhiNGkdA,$79524.71,52850,53253,85183,18247,4364,38228,12599,20939,52375,50478
enuPwsiJCpRKCXuFyakLoSuH,$80865.94,44703,77711,36384,35409,66184,29611,5045,16707,36690,85498
MqWeAzcuFBUpMjihqhuLbzECIlxhnlozblDB,$78121.53,84810,78972,92648,83717,24879,37858,36583,44094,73485,14785
wUiYdtVKGiYhIJklTQhkyy,$77601.72,62158,10176,12223,76843,92539,65939,14194,83158,2147,73441
pabWyHGiSrd,$12551.96,60593,62648,25404,29392,2841,3445,88133,74291,17379,76502
KKXDcAManvW,$21033.93,43829,95473,4034,37671,3590,42321,48738,18402,24502,2706
bkfYTOuFEHG,$94896.52,61137,35422,7115,53301,55124,48926,63783,17349,52860,1454
EKnKzNLjTKdIgiNnojp,$12189.94,34564,21985,21339,83390,52420,38588,36250,53774,26080,97984
IcwwNFqYjzEQMRgvhR,$36302.84,79788,35924,24148,98860,41165,27051,52634,67145,25035,89804
MmJBrAaazERmVxhDOBYyNSgsdAkimav,$10834.99,97915,1869,47579,3234,86185,8088,52195,52274,52827,46654
DhaCfOvmhXmRgXrBxdhwFmWjrAeHAVF,$90056.43,66646,28196,92021,20570,66697,8227,154,16344,9821,96984
jcMqzScwBtwgcxchbFniPilkkmrdS,$79542.71,56991,62697,57397,96544,89352,47893,36159,14830,39546,83625
POdXpJlXYTjjeUbGNyu,$53394.00,74044,38446,73434,24421,29627,91214,16289,61383,81492,56674
skwmSfPNgVbeQRcmbX,$5938.98,39804,37524,85774,79483,18841,70933,70413,8858,97678,55519
dxRtOtfPrfUFORCjywQLBwqr,$93182.97,88913,39217,40723,53316,26665,76623,22606,41334,43057,31047
TusYIkCrjyIUzfKqCsqiGlawDJgJmuhgoYfx,$52419.81,82214,99431,24657,84888,40107,49520,12146,64381,34951,28217
nsaWyKjTrOHrtfAb,$29015.99,141,29255,95786,24699,14143,2646,74119,26189,33679,75722
RAjRxhCgbUujLNomoIfvAKhUnpUHkHWBiFtf,$17806.99,22112,78377,20170,27774,13314,65183,2735,88922,3138,11275
UkzaDEnzOcPTYRMlFTgywAbFrsEbpntk,$79835.96,79081,19115,57455,88808,68745,54013,23373,27788,13606,23596
KPnQNjsPOjHTJWhdHFWsGuqHhQ,$39868.95,55149,77469,17199,35343,91498,1803,1770,82850,81573,56964
FtGMydEfxUneLLScuaeRvweyhEQanddsxJfVM,$51107.78,2449,3992,87617,33474,94327,32419,82669,51523,71322,94541
sQBYwsYjwCB,$88215.59,83262,86088,21131,89179,55189,25023,43548,55316,19350,42620
nyPpRhQqDkqMGSoaEupDkhnDMKoTqQwdpMs,$70839.67,29924,46528,4434,46870,90259,11637,48076,39589,37834,69208
pObVcEJmSDcjAfYMyfgiCdCq,$48937.76,28149,37664,58458,11247,55991,63129,48564,67664,9220,28764
HbRgnqmtyOVAFhCcPfjpWfPKdViNT,$99233.63,34285,47593,86319,64890,7066,13557,39207,56759,64300,3662
OUlrKQaAngqXILgVFOwHYpPxyJOFsBNiwaYHqy,$13849.95,92939,61552,45184,79052,56346,35019,9816,32094,11065,8170
msTVhzpioWfNvMD,$46422.91,80647,81984,43723,82319,58452,75717,93284,66522,97704,66615
rzerOMFlRSGeVByCaqJmuXHnhkDnHhkahpQv,$40284.94,26069,45139,50128,30517,67985,76852,44958,83252,5891,62331
