AsoqWuCOhNUqSVuSUAkgCKPV,$14561.96,3318,75291,57601,79838,28059,57131,76495,35094,32261,3786
rwbWalnvPsdAOEWnyH,$48902.99,93184,81921,45171,18050,48898,38994,66161,25850,53875,20900
QRbVONuVPkijFGIBHfTETDxIjQjdeAoVR,$62191.97,52619,26073,97871,29202,70613,94605,72512,78023,899,39780
qVDkYAtiQClVCAruOIAsuCmPNpQfAseQohBnhUU,$19074.98,18750,28726,28160,90216,12096,23433,46888,59830,34594,56079
bDlqTPQmTHAAjn,$19143.00,13458,10574,30443,14704,66553,63980,58386,94329,41936,72457
qpdkwDLgqTJybkoB,$87017.21,20457,64743,88041,17552,79347,21346,48184,4485,82327,90021
aBfdlcgwiwqr,$43517.87,34331,94164,62207,18965,71731,49316,83608,59772,33521,29708
bWuLNunsxYudvczMuU,$67694.50,1854,79927,99209,51071,30288,58982,51244,59896,6752,32849
ihicuBaSvdp,$91883.65,25978,228,69295,86940,60954,37801,33620,60164,55524,30560
VPurKCytFsuFmPIBNLdFkiuMKTLq,$30942.86,6558,62725,54621,29089,7470,73638,2052,84179,60147,71491
NUAQBKzvWkpIaLLxeEpNIkvfkVWPjEEWYfoa,$45555.79,26396,764,37806,36903,13016,94207,79112,32938,55109,76881
ovUJBfGyvpCamb,$12780.93,88672,53150,33808,38425,20628,12761,61647,35505,78700,68584
NyiCVpofsyLDCsdROWBvsQ,$35453.82,79273,57328,77816,71635,17026,15916,71232,34659,35716,4460
DoAOSdivvwsWrKNYVpHDaehXoJF,$11152.96,89408,59862,53513,33735,76665,60941,87850,77530,22305,12098
gMWcBEfbInaWWfyFgCSVgufNeI,$58717.93,82592,41104,87002,26823,25090,41072,31586,79504,96796,8203
oeIMjOPckVwpjaYYKeMspoxDRFXwWeAlHjxrxn,$9776.95,81185,90919,50095,67323,62649,67506,83662,42482,94245,4650
pBuMonUXdsrtoito,$76076.66,28668,6923,10191,45415,40899,72740,79574,24561,15223,73819
NuWHGlUBkyTb,$37034.91,63493,95948,64859,89132,81873,93427,95955,91964,5594,36854
rRxwnKQksxvMzfKtg,$90008.62,53876,45428,86149,43008,27301,46328,5715,85918,18574,42470
zdhVPrmaJjUVIbhCGjeVVBiGAwS,$81824.84,91768,91549,63773,45492,93679,68675,38754,15749,7159,52754
RrGYbKUwmDeMa,$70544.73,85650,77312,36745,55253,35832,28294,19026,81224,88625,54353
QqHUIyBHYLcVxFaKgwuK,$64022.71,96108,99161,67302,81786,47138,55928,2891,33768,26955,64203
KeALlYWoUutUfzQalnKFqYjwW,$43598.77,80081,31362,50642,9187,91394,52416,64897,67952,91128,59580
vJqvAPgoALeauBWDdObBjJEddSwuULFPvVlvmr,$2088.00,70779,47916,8556,69751,23831,3682,55219,55335,2809,20213
AfCRRtaUpBzICnpnjULKOvgoQYUlJfbJJDC,$84724.80,27465,75105,73354,3944,21884,7503,52421,98589,5459,26411
gCTbjiRidCRHDbsGDtDgqoKKjQtskmxqoQsxYJ,$28396.88,67571,25145,83697,6855,54684,27986,88563,62144,80691,97736
swYjQQTCoJQEcpEmUGYSqOr,$19327.94,40559,81437,28696,91084,8782,44338,81709,70251,51777,56031
wUuixuksQKWfCvuIE,$69901.71,48271,57569,82046,56953,68559,30507,93856,86988,86439,99083
tqUqKfICqgh,$96741.81,1633,42918,19359,92494,57841,43580,41292,14795,78791,71700
ClwoemjuXOCAEIhxkiyplskLwPzEcLDEW,$48900.96,34107,34898,99953,81142,19957,5836,21997,76393,89361,47018
qzQGlIQWfgwJijNmFnFhzHBJy,$547.00,38839,44110,84567,91045,38417,27339,47500,12221,7701,64716
AzxwajUIzMzECTSMHJkyizJW,$50503.00,78517,4642,99356,46461,62880,54466,29187,55637,2627,27528
bkNAOPvhCCQMAYMkWLDXXNQdWIEDBpDCzrCN,$84007.49,86270,1771,86222,97316,87975,6542,36440,77229,47250,75108
FTcVwzFbCGP,$84463.86,27218,75459,93304,52907,9309,55500,39177,10980,8474,3245
SxVASkFmMbILGjoMYuvNRHqxrNoA,$37493.74,92969,27423,31076,33360,54396,79794,62993,89047,88588,41455
PvxmkPtankObKKdwacCPTtkYWhMLJJOzf,$74597.85,15677,94852,76880,46014,95627,44530,78593,42568,48203,83310
PwyfPsqPpWcB,$968.00,52335,2634,13611,85635,50310,50974,76916,87578,24318,83097
UnVrjgswQHeWNHbyCyYlKwWYztCHH,$55724.82,756,51212,99985,6864,37793,85785,45955,4267,1415,52459
rxgtVfeGbbfaUIHc,$60812.93,64807,2080,59567,71571,6526,45352,84178,10693,13419,3389
DwRwRwBzWce,$65712.98,94057,96502,60357,44925,89331,25164,13657,48898,63388,20083
QRoPDRmUpeQQdNsikqupPAjuYVxvlLxC,$47889.83,44304,99082,71908,88165,13082,59295,34511,73512,34379,64627
NhHOqcNLYjXKgaOrRVvVXNdRWozYh,$57889.82,88633,56087,45263,33167,95903,13416,89499,88297,55564,21218
MXyePuzlRNOkKdJjKBzgzWPown,$27475.96,73811,68341,4024,92845,38665,91606,74694,72070,22962,51690
aHEJQpKPUkMKXj,$16656.94,18576,28342,49936,41438,46685,90403,60798,16904,60247,42906
TSDoCrYAaVnELMOixBpJKhIKVIJR,$11688.94,9312,47357,77850,26534,50444,27720,88632,66074,55699,24761
OTJmUYWFFfqbNAtASYhDIBrjugkjHPjVJ,$59406.82,61208,455,26373,69181,86810,12425,251,46574,40585,47713
rfWAgOJaUTIcJRySlHxdMi,$13311.95,47872,10997,38154,46250,53456,17931,62545,55718,54598,28722
orDwsAFRUpkNsTKteoHxQrlCCjFmaudolGlDGqV,$49070.75,35057,63744,55106,64340,30158,37174,92339,36673,17524,68210
mGtULfUgiIROTvUlQwrwlqvkIyxIzBzlH,$90028.82,28481,78559,14965,33550,40316,33618,61589,60585,27274,77555
lgaVVwgEuDnTEMEmFKfdlfIvwdYkRNoCToy,$72682.66,8997,34080,54218,19867,2233,43637,5564,2363,90125,50989
