kdljIeOgacetFcUoyOfxenCmyyKLKXuUAf,$90138.35,42506,52354,97200,48617,86284,23687,63829,76284,16845,12972
BGsmRCJLWkQBuATlJOEmpbJfUUyMk,$59651.94,73596,17532,51459,63065,85726,3121,15913,17136,24172,14213
twRjbDycMdxHCkRjPDwObBpH,$37320.90,30440,52792,34425,99474,83838,41476,49173,68126,19850,98186
SHwvrNeirAWRcmYuAXTo,$96944.76,91244,95920,8404,26123,15771,6590,62283,33737,39646,7359
gDuovVKMxxM,$92524.62,26407,80075,74864,565,34620,34095,58461,30540,42399,84484
LLrABhGECva,$43521.68,71063,46635,91963,9509,39995,73823,2568,20071,48687,69685
JAqnTNyfEYGMGlOcLMHzh,$59423.72,24445,74665,97188,39784,44350,18531,89119,72397,3563,14202
AgEEgKrmvgNhsvgaGfTu,$79925.83,98583,92283,4862,68798,73137,56442,36908,94516,67477,82661
mAzIgnpYiwYPbSkpgeoyUGVYiTCpvmdimcqsp,$73589.83,70360,23378,37875,63405,30354,88649,86581,25444,19675,13021
wMkVueyJYk,$36389.86,62364,16267,62770,45311,79423,99387,82323,69454,37262,45728
kAvlGJHuTd,$52565.73,67450,26137,84349,79174,31322,72725,8290,14241,2247,20253
ClaqTgAvCLBLSvFWKdyjakte,$49368.93,5570,74864,4569,7104,77341,34239,79205,92199,97022,43970
DYnOsJuOuxndWxVcrOiHJtcGQWuH,$47490.82,33071,32105,4343,72939,69326,51064,85559,52739,31883,30316
FPXNXHizNywiguQaUXGKxXulHcmvGk,$79689.71,44163,56842,545,8705,37643,37238,7460,9479,16449,32627
xMKUSvRqQdYsOuYYYLzBmxLuVjbQPNFMaqHSmz,$99827.94,49292,28175,96410,91890,58950,38537,70924,89155,74123,60773
omjWnaNbFaAwItiHC,$12168.95,23911,2471,14527,22356,4299,54377,92546,76019,65792,58309
xrLFtwPfCPRcGgimVffApHBljqIqfFudw,$50238.99,92016,91309,27392,52194,46960,6648,49532,27673,6598,11555
PksQUBhDsmJMOgsWWUUszjghdyv,$17622.90,31993,11974,20665,48016,84006,3737,30392,56774,18185,11566
tCPMamhUfhDKNhjjQXAKAAX,$43773.88,29723,40743,43602,51516,24560,5016,62451,19535,12006,66031
hmOLWCsgmjDMt,$77337.69,69619,32874,86620,77014,76377,4888,68226,48045,67240,87661
nxmzLxwOPcbygNSKAlKkQgPqmBFfHukUr,$21450.84,14286,24688,30104,62494,11603,52209,5908,93211,73308,99922
ssCzitLJYrQSbllXfpSUiDnBLKjotqalId,$50959.86,17951,76577,79168,92101,80851,11903,75933,61435,46576,59794
gDUjQwUcfIvwJGEMR,$41194.79,66588,68535,2455,78391,11220,63791,91619,70914,56478,7389
zSWvOYBxTXGbcSSYBGVEi,$23781.95,99425,69747,5316,97931,77161,69887,46550,11224,47636,71189
zfLRxKuDGyL,$18099.96,77037,25877,10125,98915,91954,79772,70883,89885,23685,40770
iUPRTUELSOFwwfj,$5013.98,11806,95679,93623,74446,52992,11642,90698,57509,30347,58861
bYitCLTtPpUBrLrCiXEkPzfdHIDVNVfpv,$85174.52,26600,30176,9214,47189,97350,52010,89445,5868,20059,77886
gFQqvqVzxedtRzXGUkpsjsjxJUnSSvFY,$95519.88,64723,85202,87539,90735,77209,98772,32722,75891,39524,49346
OSKDltVTQgPfYIaeiBaxXLjTuysWfQxtj,$86530.64,92130,23135,97538,45756,72155,7201,1878,4077,70222,71530
VzetxpcrKa,$58580.76,73280,66260,45420,58181,50557,33490,17063,40344,31028,62720
YeOmcriBUbYl,$75299.73,51494,56639,16773,70128,96571,49685,15548,54752,66894,15690
uhMJFqyRtpzUlAuVdJQgISNIYvQQYewSlICqzA,$18848.92,56612,89842,5441,77585,28344,72791,2541,93639,82392,78790
digyawXDtqOBTEbTLtKshmzojjfxygeBokA,$33169.88,17214,65250,13611,39578,64144,61042,4287,74899,47738,37546
MNdaMsIVWhTdKwRVwFCuxdideQ,$93.00,94126,13347,7794,49294,8320,8940,33119,24595,84401,96394
bMBFKCHERdjG,$29975.80,95870,27486,24113,89996,7485,31807,6042,15706,7399,5813
eMTgzvlkYSoqVywtYPISeFB,$20766.93,66704,13900,24358,41789,17135,58662,73494,55735,78521,47787
eeTCAnBQVTUbwFmqfGBXFqcalGpQwDpAHj,$20964.94,67605,42995,3829,89999,80025,45435,62333,76905,75892,90066
CErnlGeHJSHQBkyxNxOm,$1267.00,49219,92373,46001,38798,74296,99167,76446,20368,79664,47152
CnbktqxKkVnhLSHSKTGHODVrrMe,$56187.63,57359,17596,63406,41032,63538,47325,44883,72926,19514,12570
VsCdlNXRvMvremeHpENChFqurufNjL,$94760.98,49504,84474,96998,61717,37040,32913,29633,16720,90886,99054
nEfDIsFqxwkPQq,$30240.86,82357,21865,99212,44074,58806,32126,73608,75426,89664,72662
RDMUMfAdcwnRndvMFVQLxDGnwImhnlOEo,$12569.96,83593,1830,19578,15543,8074,86145,7974,92216,85665,4447
PrRdnAOUnzJRoLQOrrSAokBXeWUepJogAg,$93692.54,91469,26907,72405,71095,14221,32086,60607,62186,97173,17172
iEXGivBLKKbqmGabNXkIvd,$46654.96,44291,49242,63449,87772,24282,26057,36855,24461,27348,29034
wGJVHytrGOUBWdzG,$10698.99,17065,20365,87144,18582,73914,21606,27389,17750,78976,3175
chGDEJDlqvV,$359.00,67347,36494,3686,72829,84076,61291,99385,74837,71651,65301
nfFWozliJSFdbthFiOOnboaGiOQoHPo,$64804.77,33775,16630,1771,4894,40959,77816,57387,67447,48946,86503
lDhmJOAAdHqsdLLUT,$88043.41,53769,68791,46360,58564,9750,90828,82603,43849,6527,69107
HhStQHTrLchefspaMvW,$69538.72,48145,64860,32925,21324,719,92604,13045,86097,86537,63396
oUmaWtDcmtBYo,$67085.61,82373,76972,60975,71448,91770,25835,4373,13094,93106,96877
