gsufesxSixURUXJPoxxMxTaVMWYdhkQMCLRhe,$28906.82,58040,51243,69751,65977,41217,3678,8180,45932,60623,43825
IOteCrCFXNVkPHCwlrVXeQCmJQ,$32875.84,74014,90676,45251,29757,70532,94593,52651,75305,15181,74931
eXcuGEqrvMpaDrLMHUCJzLtTNHqH,$2229.98,61005,75218,74162,86496,23635,34464,96611,94454,24955,37438
feHarOPYnIXQzXMVdAJCANceknTNSmbXPixixo,$99546.64,29640,75842,46039,86157,3866,55440,96469,44114,10664,9446
PkTzxOnPbNnrwLzTzgeVmFQpuivIjDyyNtxKik,$22223.00,23207,56215,1894,27914,86389,53015,45312,36224,74654,51398
bBFzaSSXDAiDkGqJBP,$3292.00,2691,61033,66990,77124,22114,25505,88085,84104,81506,20764
WppMxwuenjCwzBhvaskRAc,$84424.68,39011,23991,69809,59675,90626,29649,6185,63098,90434,46889
EiInkFMLMHlEreFSpxPCNYED,$81770.77,63907,72606,79372,65460,60176,56967,77044,29706,46140,61086
zcIQFokUMzXaXceG,$51886.80,37139,67737,49470,97216,91356,26514,93574,37496,54252,6542
wjudxExJeUKdWOJBCYReQaBUmEQQYqT,$33876.86,71040,38456,6104,29257,89913,11275,15175,89271,36549,98775
mzHNTTsKKQcFmbtJYMEhkVyJJfSYnBgAANN,$21817.93,31535,17118,13128,32324,26836,67074,24867,37219,95956,44800
yoOTMydrrcFsIFSVSNEztXXA,$53965.95,84902,95721,51162,32798,71984,53217,95559,66909,85128,36046
IXyNqhSkeMXimQgJrdRYrRPLrtTlkbH,$58650.70,29430,58127,79218,61441,10492,59660,64132,15767,22721,21119
ekBeBttnlMHVxiDqGjxv,$62626.73,14471,40524,11145,2242,60754,78322,94583,85312,96518,10100
gwATDwQLzhsjenGCiwnam,$32724.88,38747,32481,40654,82071,82680,55251,88787,41959,59027,31244
jdYbmDptgWpSWBscKLQACsYIaTpcRStBWSCIwr,$91778.52,92950,30617,42646,80713,90045,53345,4547,3009,99906,92083
xCJWVYyNSSOpLsxiJaJYqeLjRALqfprc,$32093.93,50627,61664,21312,81676,27163,49499,85145,21152,12062,26447
RFTRVxdfpdrFiGwkxxjKxhl,$61084.91,70138,54580,55088,12067,24427,55656,14804,91693,48057,81260
GSReQAOoizDFBbglePnmthQU,$23487.87,67672,34419,68339,90808,58694,1145,21860,96882,58544,44480
gmyjRalxLOoYBhGRBJRmNRuyyvcJMgIs,$14147.00,73038,31172,4593,64428,87076,27019,49474,94633,13499,73547
mqWDKvcFWlsdtkUAMFiynBAIudLS,$55745.85,88469,16033,41391,85909,87074,34208,97133,88644,56570,14191
SYPuLUclielQyOcQmrt,$59316.95,16196,46489,80360,96939,78110,46140,91737,14644,35538,78623
nUSrGKpvmhHeAeBsNpfLYJjYjAxyLH,$53151.96,35046,30385,56771,95919,49862,42260,46573,88302,18998,21017
TzrCAocLvKlyNciAiMAvADIriNVbYLtsKkVlyxX,$59269.76,52115,90743,57462,24358,99193,53912,40464,16291,85309,53608
gjkBJjMebyoW,$57834.91,93747,63726,32903,24551,47101,51670,15294,4563,75928,81140
thiuDODNqMweQxcFUlSoSbQIcp,$72513.40,85142,18565,89096,62231,88522,76544,85350,41845,3386,28644
xQguSlpDDeweUfgKOmVQlaAt,$63618.75,44254,37494,16625,64376,17116,6887,61796,97462,87855,3044
almvrSgFfcwrBXkaLYzbBnMtHtEmqSUPeGlUzQa,$67134.58,24130,18357,48321,66033,21829,2019,45431,8579,86646,8597
EAexvubdfwcWwhp,$79851.76,65913,43561,76557,84171,91783,42591,72652,60454,87922,47883
SMatqWPKYsqUunrccLfLap,$86850.63,15776,46889,81116,29529,10060,97667,76350,9008,64378,39212
kRlAMgnDiPpnBPcrKgEJGwhcGP,$79004.83,41335,11531,61555,23630,49163,85929,82834,75698,68652,47074
DOrfeTxpaBYgYFifV,$39399.83,57075,21385,51041,70801,38912,89707,92611,51593,5001,32361
fJWHjdgomKkscvpWgViryPQzbT,$2754.99,61811,47950,58724,26973,17804,22209,59443,837,28317,77005
TEFpMwNcooCieFKpfSLBhPccj,$85743.00,51261,14322,61898,84178,63721,46010,47230,1256,11180,91101
jJgovwuNHVuxXVhLDTdRfNK,$71271.54,70892,12018,67051,28745,76253,96575,67747,21867,49355,63683
pDpKYmjuSUymxqslcoyRXbpJfUfqPVxfzm,$17305.94,68480,14390,67129,83156,25059,16269,79243,75211,12450,51888
ACIBRsHMWxdSViS,$73789.70,31228,93444,6346,22939,9713,85490,98050,22063,4130,13927
VUnnMubJsedoLVVkm,$71628.91,71924,25303,14548,57414,90005,3264,28197,3932,44521,12632
rLcMmlfPoSbJolWR,$43641.98,65190,93543,5557,68354,21740,76041,79527,1024,87687,3561
VcXihNVzPGN,$15685.00,66218,63819,96816,2446,46024,62007,95889,18233,97013,84281
FQnUCJWbreOndetqFVwzsxnhAbUniLgnCTi,$89729.30,51320,56045,680,67153,51944,17455,86275,66932,1094,7410
eQVrxVsRkaDqoFkVlNcqikKQwJs,$52019.85,15310,3294,99221,32878,76013,45252,2688,32019,43486,42324
pFBlqPngXXroubGSoWqGC,$66404.66,38441,71754,79225,81827,14078,77916,85694,17824,36007,92191
lgdIDuXXUEQjbGPERFKtvMUnnoTuJLPursdU,$4591.00,96532,95497,46272,38658,8603,86086,4061,54821,9060,91868
xpkffQqndnNJvjERT,$91988.91,15263,32551,61579,53822,7806,47665,24535,29279,23377,83055
gQdKVubIWowGKGKcaDlmUaLENcBnKEGqvJbR,$89072.84,17316,13102,74618,70171,73339,2861,90098,52615,43985,28757
PQNCvBExPOcwfWFgOJIqJzNQbRJDvESKv,$78167.77,52214,410,18908,92229,71009,2311,26653,14750,35850,52873
IbStAGkbXtFSYXDTeQKmIzkOPDbD,$38880.80,66757,13362,87633,18516,98542,93815,23661,96488,4918,72289
ViYYdDPNPXNANdeoGHiMuDLzYQpUTzW,$57006.55,12015,14337,66543,1316,62035,79241,77972,3432,13271,46596
gVBOiVRUUqllKgkHvreKcCQ,$31399.97,23615,62561,47525,67884,9296,25975,74798,2062,25175,9495
