TWVaOumxxzqDvWIBSAGdJwVmYVkyAqeTnatB,$68660.69,79617,61567,10868,14193,12920,63715,73832,43770,8701,63818
HNedzdYjcYzFsmF,$34937.88,84798,46194,23756,65643,59014,87371,6227,69436,95972,69945
AJJDjmdsNBstU,$90739.34,52795,64916,29693,98931,16466,75787,89339,48761,34801,76710
MqtrqCAtlNVDbyvvSA,$18800.98,1287,1908,29641,90526,50569,31095,33988,5457,68637,40074
kKJlEUYaXayuUQuOQMInMtfTklzyetFN,$10604.96,94011,22621,40116,56006,89757,18415,86909,75682,17221,52348
iPUSpTwiYk,$96514.62,24951,76016,40724,69392,90841,49884,22123,84852,72406,28891
GcNWfjHMydfNWBwVLjKU,$64970.74,96163,17467,11191,35321,46258,18701,64136,26869,13121,35386
aqDytIMqJjMVsxQXGTIWchUHsWTENdw,$98572.74,61967,11374,37520,30314,99807,1282,46884,89666,19912,31151
FWuYGQbNljgjClWFhkyGvmOuqHAgvaubXpAe,$16708.94,41615,41235,66288,59663,25463,21442,58098,47766,64756,85152
MxtuYapYurwjRAqSSiDrjPbGIrOzoRCAPw,$71512.62,33161,85316,37219,25175,4821,39866,7190,11450,51071,15409
OuhFUNNLcnbtpbjlwxhhLyIvyBFOM,$8831.93,39951,94585,19272,22526,13356,33794,66874,64126,19510,48866
JjPQuoYPmawbMFnOjgwiMrTUYfxWsjFcRvsnk,$14365.98,67880,98863,87533,18084,91586,41440,35534,44329,25599,26182
paHvxeNgJq,$82696.71,6728,5441,49242,37454,6620,51900,5334,5483,6186,89970
fmhbroQrVm,$55431.57,91643,92884,7875,83878,54935,35492,34931,28315,7585,50825
REXOVtfAfLcwaSnWfBwEVGUpUuSXu,$10396.93,34799,98543,49080,97366,3316,73210,62046,98790,82703,28257
lqSrlHLFAkzKxlzimknRwWJkCBr,$72007.95,69581,39506,56230,38393,92235,6564,88518,31453,23918,88235
HDLTCUgNHxkEhTGIKeyNWaFISkbxs,$67810.68,81799,82752,28051,53373,34420,68111,22545,65823,91317,21262
RmnCqmPnmwvfgwcXqOYnoSnGSBi,$56953.69,54689,55665,70415,13832,70955,26699,46468,57405,95315,59161
OJiDivrcjYUKGLIShzsQsgL,$371.00,49306,25419,45347,94157,51509,92780,8383,58758,4017,49691
LiCfTQsGGNhFhzHscQIphmcaoQQKDhzO,$26298.90,17603,51518,37766,42663,20818,5403,47051,79815,94435,32391
zxdiMJUOJjGaTJhSYwv,$55574.92,68857,2177,60847,48672,63264,59890,55071,93616,53242,49991
xsOMCySCRC,$22786.89,39468,72042,53157,36242,85839,22014,5071,13438,70586,34987
gCuowrhLeJJWmBaVmbCSUOMTUUyrV,$23428.87,80970,76897,76063,81416,24400,34404,71920,80352,6662,95145
TKOPXpSqKHeEcyetv,$22783.92,79410,3355,64233,26515,9917,26130,4802,7761,70252,39472
PnwhXDKDfjhXezSbkJPjMBii,$41165.77,41808,89800,67580,85674,28401,78466,5114,31148,37076,77792
gpzMndnGfxquHCVPLqgDXpUj,$71897.80,39963,96841,81096,53709,85911,15559,916,37880,67528,40508
JRgzmNBHdnXjrWXL,$54425.82,47216,14486,19862,99779,29946,87331,37660,64126,94491,86888
ECXqqzXTnVCEsBqyNAUTmrkGDJvSwRr,$17188.96,2794,49086,43158,78775,23140,46507,38827,20952,46438,91721
wqioaoRKJLGcdiWSy,$79385.45,94062,38282,57039,99541,59134,70130,91262,28173,49789,68782
oODGYnsGOUoLnMTuAGDzbsc,$49716.94,98901,72251,6496,56748,27761,35541,91850,98782,13196,56426
wOpboPSqtwVVfdNdXUEzBuSNXGOnIcxgqM,$54312.90,28285,96008,36738,28319,47039,89986,80942,84021,53338,96715
krCeJqcqEOahmgxzMCCmyyIqRkKYodAyTDcDt,$83398.66,64010,10588,15164,1223,6487,96237,6069,30571,40171,14305
xrfwFHxEBAgETK,$68558.69,67961,64125,73891,83026,65249,80278,46015,37970,77501,52838
GxbltgSQKuQrylcwdfOBnhdbKkvnVuWcRXn,$44059.96,89998,1064,24121,12978,36959,95691,42690,91020,18213,77528
JAQmcBVWOrrlSJjFvMlWBKQiIvPeeCNNDeA,$43685.79,17827,28998,32070,26646,28179,83585,40471,15185,93705,54699
vdJLKRiBvmDIz,$9137.95,73238,13870,67871,96382,89117,45787,69864,71588,5539,3803
JKGUYXzWRyfOGnSCVkQY,$77440.74,88535,64473,95693,26875,36664,66148,2285,81464,95759,40499
tgCPxbULIIeKeOBdfsPIAhLBgUDOpKsIqVyNwSY,$680.00,7849,16264,72702,79131,29246,79907,94758,52653,74446,96536
bfCsueqHFenW,$48914.81,26746,11529,74636,51054,79303,49138,67218,18758,28269,96364
CfHQYIWCbQgRymV,$52495.93,30887,47507,83555,9069,88796,34609,55024,37934,68479,73682
jkENsvmbRoCIvTHHPSqifOIVuSSkMxlVhpj,$20773.99,49822,88456,64090,51109,18704,22920,76171,74987,5310,32121
DMMwgwkDHFKXPKjmLLwOxDLrqXe,$56755.74,44751,43352,53030,82766,48367,36722,51457,88967,14096,83324
cBxMkJyvhMTkXKAvOvoKijtibHD,$69430.65,45025,15597,80776,56929,28748,20102,11990,55305,43098,46872
kySkUIfISorLVttzwshHT,$15076.98,20742,73541,98688,30492,20413,10529,35621,79324,93098,93612
ElyxYqIUJcTFTAoOqFWXQtTBqxwmTbczLbwKrgf,$78240.60,86430,32914,38227,83240,94310,66133,56781,43200,67581,95662
XfnkzpMybNum,$95819.77,30074,7975,52149,35193,61058,51716,73320,44298,46026,6205
vWEMVkbgjPSHqgBClduqlK,$81258.55,51426,8835,39603,19158,31366,79942,82452,9628,76374,24323
MFlgMBmpEXRyNdjPYmxWxKJfsurnAOINuTTHVFW,$456.00,66502,25301,62963,93053,60425,60668,15645,19459,35381,83676
qQdmJkSxQeOlqIAD,$29608.00,58828,4865,99559,74373,90877,34941,58049,19153,14903,2870
kFQdeHHstxbTbMYPahcMUfnmoUrQSNXCtoGWv,$55921.94,25313,84284,24978,45585,7223,65653,64879,74403,45319,43001
