KiHASYbycTbYhNSPhvOSn,$87471.66,89119,66947,55879,34528,7675,55887,23229,53999,47696,69599
kQJISEKrlyK,$31922.97,17377,73938,69438,80082,31222,57962,69201,98069,80493,3730
RfmJwvTnfDFjNXTLiuqoJphzHTzocuSTYEdw,$2346.99,32943,542,29012,83196,10414,78037,66909,42396,48101,68623
KIThjlTWzvMxu,$31754.94,60485,44620,74630,60080,11814,70294,43276,88780,15083,76837
dUxNDruNcokBKwzfPfcfeQjfTMjUpEkRaIfD,$41274.86,20248,6209,77788,21670,96611,9112,26661,81001,51608,72934
PNbKegVVge,$92443.98,50062,63435,74576,56171,7975,62898,19534,83639,56211,536
GYLvaWYFsULwwVzXwFpxoEwayjU,$37656.95,26142,28654,38537,31720,18685,78295,81453,31849,33999,85439
GnqEJvtiJXeJVoeTcfMxfsNgtCm,$56620.75,23525,51158,52258,74639,44311,23245,50045,64887,65811,39063
cLgeRTCWLPCESosgSwzlp,$16536.99,61106,49865,7310,169,70628,16915,27948,32900,61001,44776
sLdIOIBdAhVWgGndTRsPTXaFPLCnB,$44160.80,20925,9018,65937,71493,53122,69684,54753,66996,14197,56266
mioJHTYSVnunSOqBRIT,$65596.68,21275,89524,48478,57611,44277,15475,71709,543,7406,81949
mpBFouBBPOuEFWWoqsscA,$22781.92,99695,86133,8842,37893,35154,91510,15371,67165,19072,14971
pVgUsCIiVAkVNoTVvLrBH,$47950.75,36392,76161,82720,51263,19712,99493,94611,38230,86643,75163
KQqlAmaohvKsMmztGRRzJBseNatFCbanrrYS,$64985.83,3200,65809,28619,95781,67192,67908,64211,98820,10342,42051
GidanFbnttesLiqsrkKTQp,$32901.90,15379,99544,2171,61951,3483,74978,55869,95430,16971,83675
MpQQhcyxvQiFkYuEQTsB,$53393.92,87717,72219,72665,38145,56472,69274,58140,5425,83094,71033
sBqIjVSjPyzJqbOAhihyRl,$63815.98,80220,33997,40581,43984,71569,3925,79577,12939,23105,37409
SBfsmwTAwAIdYBonzbfuGrSGwTx,$60606.79,76261,19155,1027,1721,69502,70059,32783,6993,8705,50362
RHihVhHAcosUvOOSYsBPOmmEjEnhtxomfVSAda,$70853.73,31984,95481,84869,33075,13007,68302,78041,8448,37646,84413
rJbAoOhImUuQQnRunSYcMzL,$5541.96,26757,6260,45448,70180,74017,28085,34758,84359,95467,87617
VybiYMCNcD,$75003.82,68493,44327,58496,5042,88937,9565,67678,82346,15725,13126
GpcRsbrpzRxXEALgeVb,$58813.91,58758,92534,46302,7856,74912,26080,27035,31306,33844,47624
rfSGfKDdOepv,$62064.85,63439,18279,55860,22726,31233,63616,64290,23965,57304,95496
MJOscvxmyABD,$26769.94,72488,11420,47010,90667,67180,69636,88552,97449,33926,12518
hHYrwrtrOgPPHSfEEgWFsuINQ,$69734.80,49008,55585,31951,11834,92365,24937,75421,24087,78637,64663
MgtcNMGRrnOwFIfSaNRTV,$1979.99,61733,90705,62104,99442,63936,58568,73761,96576,93373,5454
tWThUEgyfLqDdveviixIQD,$83901.98,31817,73285,22128,91842,78640,70102,77353,24281,23318,91254
ugXYRNCUjhPQpMahrQ,$52053.83,67733,7472,7890,11838,31653,97760,3092,67294,50063,50878
BqnELWLbNboNifeaeEqbeNt,$78145.62,73720,42069,94957,29663,39298,19174,39581,59665,42038,17378
poYDdHIhHmMxnq,$32836.94,25257,35575,28373,86866,31890,67571,6040,38123,27236,14730
gTBgWEngluRxR,$75997.79,9705,87099,68529,95909,12356,70756,24282,99123,69299,91754
PQHdXbEDxIQDTlwsCcGFoGIKI,$24802.87,99487,64395,91573,10044,21716,64610,3386,15296,44310,87458
jXfbAGHFUoNfwSBsbfsAAyctgiPLwCufaa,$42827.76,11777,77679,13259,35266,6345,14546,64890,89687,29678,72463
phqjnyyyVBTbBTiCavHcxBJwOsNdhwRWDiFRHe,$4638.00,99965,42001,33574,85876,85125,25277,33738,62937,50942,59928
pBiiOlOKdLpKQGsVwvbGAIJ,$84744.91,3374,11968,22971,93041,99905,36597,2932,80942,1803,62325
YRPJJwCftXgaXpjlhxfr,$55280.99,55223,32091,39677,37590,49128,38109,2913,70478,48223,10712
JjdIyMtfkyxADrYk,$61272.75,74348,8441,55017,14026,12684,70797,52035,15497,8028,66910
fDJILHvfMfeJFHBeryTxwFAuFSceUVfz,$39620.81,55656,3210,34103,41995,95598,28675,89552,25716,50220,88732
MQORrkyJLceIGEiUMtqrkyafroHlhbDtrS,$64427.92,1761,81105,88166,96725,33843,1757,75175,49585,7720,27109
gichoSvvEcWHvoagxCPR,$8250.98,43746,2744,87224,59983,77016,80985,92454,67195,82235,77772
ncPjgrgOmuOsSRHkJIYxbQq,$35621.97,84737,83104,48273,17863,61292,7433,40717,47204,47231,47975
XDJQVBygKhEHivyosFBDmYIhyeJDPty,$403.00,12321,9678,9825,36411,87012,97909,34874,65522,57841,40246
wTHMjckeMlyMheCIDl,$79457.52,14706,30424,51799,80128,54917,58697,60658,8515,90510,42602
ShCWTNvGuYJdcUsottWhjqbSYRPfBUWvcaRvN,$84712.81,3544,67519,69894,87821,45918,47023,28234,4931,18498,34466
GPHYPzpuBkswMsNiFBkNowadCeFcBgIHvQHlPWG,$80487.44,98918,16499,79937,47570,84691,69777,20386,30362,29814,93870
TLoaOpFxWbNEnEbtv,$31558.93,5079,84837,43618,65601,97316,87842,12376,72283,8159,16788
GyxImBvqDo,$43060.90,33669,44822,80297,47472,49801,31887,57742,82054,29203,45585
kHwJOUhxGJsXMGkyLGlXOdMLmOrUoxQX,$33824.87,79129,19894,5695,22414,39754,71794,39091,73481,55944,58221
jbcuYqyMdkbTFOrwMVjUQqJheHrqsGLbIOvh,$26536.88,21328,6333,80909,69214,58448,27954,70546,59832,81347,17759
BMiIDybKKc,$70204.73,38358,9919,12894,78154,2187,90280,66134,75072,71189,35349
