cRUNKcRAkHnuksrfOlQJfAxhgtmKBfXDw,$92015.98,79447,13439,57599,26916,8242,68754,8679,68733,98633,97831
LGxjnDdAOEfMIBfA,$16019.91,42853,32170,35761,36421,40312,4515,45001,75697,69801,9584
KbEtoIwoxctJKv,$63270.79,7282,34959,84452,42943,71281,91416,14110,82934,67114,83811
qlkuFXdBna,$3699.99,7816,61823,40266,10424,68688,81881,85638,38038,25834,28842
PLCvUPWSoBdhAfVCCJHNhoITFMccP,$6370.00,17201,25076,62369,65872,30687,4574,92554,17394,54396,47812
tDhvfwjFCi,$90277.95,12884,25952,61778,63660,53470,45632,88636,82491,11504,85975
oiRnClQJhwgqcizjLcjnQOpvHP,$30072.94,66931,85087,91765,50228,8867,13712,68792,82649,43892,15232
mDCATRpqzfLhyE,$49283.93,99889,49695,93364,91654,66576,2231,5366,35368,84780,15910
zYaCzTuokt,$58480.79,10854,56196,58024,90777,98342,40788,99054,98231,90384,92418
LIRGOfDpDdRdWLQifJEfbfpXkAx,$77099.63,74236,4922,85078,33216,17655,96196,9348,67837,24672,73332
gpaWWfGbKhFaFPadMTMPy,$74686.95,77408,4303,83865,2080,44288,12717,93984,75461,99673,62538
gadQGIqmXqpKkdajiltwWRIM,$28081.82,64262,43569,10067,95522,96073,71705,64951,25358,65618,40700
KiVniEvTXSqqBdXJlLsnAHoSmwSHR,$57637.68,66930,67836,96193,16536,94431,67271,18081,57733,19707,22026
GOhsHusOjlAFEiWvbzUqpdkbEcEXKktQyAIg,$67204.84,2269,20670,23901,10686,49915,48917,62776,23641,31073,1547
VWkgxOHBmRLFIKhrqCSLGFHqVLx,$29080.99,57279,53942,69410,26797,57456,47148,25014,81314,23376,93129
tNPLYwrGmMtkUkpkXqj,$49098.80,42097,51568,73212,89146,43234,21278,79174,3115,7787,87147
jRLfItQwmbrVqBtGlkvIblhlmMxlFDXovjtDCla,$90571.67,22885,81017,33137,34355,20549,26203,18513,84753,35025,11421
UbBIYMocKDWuwAWhBLTtwwMafspJgEzbFBjeoXg,$60757.97,70721,85676,43214,37973,79464,5990,7110,62789,16435,9284
ADNlJsklxLucbsHatlTrpkWuMVtKQE,$57005.74,19766,58881,86849,83601,71435,68188,54978,60160,83675,55206
PVYkhsbVDXqqtjA,$71078.80,78164,43507,39695,37046,30356,23297,75133,65197,44927,2045
wOgsnPaGQVJonahVaQkkShRWwNnowces,$5559.98,46056,51539,72595,26215,54044,67030,74216,93289,55315,22497
tEAEWhwtdkGrgivyzgIdgTnWAhcTAPjTTJXQruk,$8030.94,30539,84252,93754,59894,43311,59047,49632,55209,38834,24904
pICJmsVWREEORvPm,$50574.67,29236,5229,56934,89030,48441,82634,38662,70302,88120,30219
vgcEsvbOMFTBWprjvvL,$49725.80,22446,94757,47712,61009,31811,35832,91128,64070,39814,71707
tRruHezBfxqWglRSxlbdXNruhLObboWuhopo,$85393.56,13078,84962,37922,85007,12385,78116,94464,47490,59801,37337
RUYjpguEhUSeOzReNjtdGfj,$50695.93,41842,16923,54074,48306,52784,59419,15741,14874,39506,79935
gEPKtqcyDmRHSwqsUQeCgMWM,$71798.98,35118,81207,92766,26827,28605,22260,48688,93667,42364,44343
PTyWMVngqekSJWpVMFXUTjbOywUiIDpX,$57401.85,84619,90623,19199,62273,3127,56912,87283,64245,98545,43326
TkorEibfXYBshJvWitlDDvmtvYtNwQwPAkhFt,$95352.67,69761,65003,47999,70739,53911,8768,86440,17654,4967,12459
RUuMtNbPfWFfinKbUwRc,$92723.34,17752,82562,10267,35306,87430,89278,1378,79119,13508,44637
HLFxqCDvKQhLLddoLeFQIibLiuOAHMfOykMO,$72706.84,45295,39662,8663,3498,69891,82084,68743,90599,73257,83303
kdRzdamHOKRbYfQIdXamQtYWYPkvpEszh,$65577.46,31827,5372,71397,51285,99254,53361,3130,38531,74887,63439
VTNQjskJAUIlFudfPNFKDyowORcvogYlaNBkFL,$35588.84,51609,31548,77186,8080,66697,88714,16304,66922,38863,95825
JcJEPPEAqsdaxoteVuTHQoYdwWYIRjQCK,$7112.95,24888,13711,27425,67694,52599,73949,72950,21600,77161,96467
VoksnslVInGJThbgIHjNOk,$96587.70,10972,88321,42595,5688,77574,35917,81509,67548,3867,34460
FWwAExgnfOBtzIIoEQCXLentOuOs,$54164.95,66260,28000,68660,60054,23646,60392,40862,34860,63877,94767
odgCiWFgijSCYnQrbVVUXxoEVOyADSXR,$16146.90,27014,89876,41421,28198,72094,4103,68358,80063,72188,48546
yVMWSbbPpzqstNkpRETReeBnGn,$30942.95,29698,74501,95418,31287,23481,29711,69114,26654,83147,22838
omeRnQybMvqGkEWlPFNCEgpSruvmOomdaqU,$81097.90,59975,1071,49930,83311,59731,90317,81173,48800,73013,56951
cGDQzUKuHzJtCJJ,$93635.47,31890,22957,45461,99514,39540,95424,25997,96509,43350,74697
jldPotOJfJrE,$48874.87,40760,27634,38047,99969,13119,36590,89578,25232,36104,29118
cEKPFtAIIoBWXGGOm,$71739.56,77770,1631,61699,90790,38121,51277,82674,40877,80296,3331
XkkDDkLmyokxUqmGQmAteYwGrLDkf,$15488.99,2459,6362,83707,33761,48648,69597,25104,68607,26484,38117
dfHKVtKOxjlf,$82487.63,43316,84536,79353,12427,90798,29813,46089,39446,66062,37845
QmwtQDeNwpCtyoXzLglNSbUsgJlJsiLjuHC,$4798.99,68642,77767,51476,82983,58754,57828,15967,34325,82675,18903
VYGTfhzuwoYfbROUQNPXxxy,$1049.00,97940,40694,47754,56252,39197,53595,54435,15597,46091,757
myyhCAAebWraoJmdFGPlffJgQuYWzJR,$38866.92,79382,30253,38271,49365,20802,85886,1032,70833,78293,17291
quSktQJCiUKXoVNHKexRUCHWKdGHk,$39855.80,38334,57151,1569,61468,31480,77257,45458,91325,7555,98510
UMldJvgQdPlnPBRzjLTToJqNmIcxl,$90420.88,50503,13248,17778,63246,33519,56770,92125,58228,21282,87679
utUTcgoWuxMjJvKhgeMMkDwzqLggqXjKrefS,$22553.94,1504,64773,26641,78670,99061,96069,15765,26013,16100,32661
