fotAxIWLDDuTo,$10895.94,34229,86184,83346,17834,74051,17814,2067,73873,42439,21635
BNvcmeyXHcSbPodKApxiwvGPLVuDsUFTiAvueTS,$30019.94,73486,73388,41240,25105,26832,55475,10854,66360,53056,80988
KMfdhlwpLRkQmdcIopu,$64860.73,53712,77902,29816,34700,57841,31572,54542,58636,57714,68121
XLfpVvBYWJMLfaQ,$25233.92,45671,48006,97068,75388,49358,54909,73612,3901,80197,31326
ntkRjFnkekUQWaRNwGNEsyoqLALoTiNhbx,$26166.87,20742,64766,98839,85300,14127,79189,97864,60456,1680,26538
RSxagfcDDmhqhpMWogmEmXBgNQyQWcuPuSpA,$70495.56,20604,15190,95623,87108,56032,45752,52004,80500,97103,80960
TUbhmzYIcSXVLo,$39781.79,57267,81754,90473,4980,40869,70446,13735,97045,80564,62879
XNmQLidaFL,$96292.69,93227,20729,49736,74193,25992,50990,67563,49911,32744,58037
addlchVaUir,$22267.92,9230,36949,25697,1874,87839,93161,51686,87235,51198,73129
NhEQpaqJHHQxBytHKxJnUjzdLYxeJ,$95043.94,23781,86369,26722,96600,70044,72445,88221,27201,43159,83245
oXYVIVfwRoVuzURDetbbCBPBdukKgkQTHQpqm,$81797.62,64099,90154,17061,50897,57056,24060,59352,28648,54739,20928
oQsyCXitsPJHgWCtAKBztfpfmyrULfSaWl,$69026.88,36221,5598,15592,3858,59108,46362,14343,50929,92089,83512
couNMLjXQcXnNVMxBFzWiIzGUtFRPEHrScgfNOe,$96102.40,10640,45768,48698,86553,78728,25098,65439,17287,83642,48083
PeWgIExbGdgTRkxJmpNkuqjDrg,$19984.91,2266,16506,9239,91985,51202,77514,27284,44399,11328,46423
hfefjCkqyRfXEmqBRQLngeBLGTIqi,$91748.51,56350,99001,64372,872,3368,69821,61300,69444,69844,91903
BdvevmpiSSjEAenQmusChyxBGDn,$27644.91,38012,47576,3099,9306,241,90633,88621,98729,98378,11826
UWoyKELEWNlUmNbP,$12393.98,49685,82065,1181,76084,50942,71687,43783,96984,30786,77267
yxUJShWTwyinepFrjEHCxJofFw,$11860.98,27428,89611,47040,21341,92347,92830,4609,11521,20785,22206
kGjmWKullX,$22786.97,99141,30617,50677,3725,82106,78005,93236,95798,65999,52336
JthTbRAKexvXigwqJFuyWQjiKETRSkUCDBwFtW,$174.00,91410,88721,3316,363,18450,23640,11128,17124,74321,16730
yGPNGDelrNqRWEpmnQpRpAxAYPsGHYhFFWu,$53304.80,1490,35750,93961,25649,48529,49084,79647,66851,29021,89119
FjkxPsVWXBtRnuPKlbyUjqS,$20389.86,3511,91888,9547,91957,1110,93140,92333,1461,55027,45614
tqLNiziykSY,$62052.98,61874,75339,88464,82202,45502,47105,58402,37459,14867,51542
hEwrxMDlvCSTMMsUaBthoOUPfvPjowoUA,$40575.89,30869,26203,97449,43561,20662,95518,7056,59983,81431,75882
whRmmMBVbxkVyvIWuXGNQjbU,$41608.82,85419,78471,56450,76973,74342,43248,55315,66855,86366,67450
dqvMMtjvqdSwQjGrffyztnmeWGFTnUQPLL,$86949.67,89511,37181,7276,97869,39722,43701,10399,38910,18347,91004
ewaXjmchsHbgdrVOe,$68252.70,98933,53573,34917,63554,93195,45270,40606,32105,30269,31610
aBNXlzassiSylkTaNTmxfRchjYoWvtKUUY,$21933.97,70276,57940,7214,42186,89359,48046,96568,65747,31648,790
iPNOzmdwHwGDRFWxEqwUSMkFNt,$55701.72,96388,97229,36505,43469,56209,10437,8813,8451,47307,92577
xiUNepGRzMfsfioVX,$41066.00,42797,16721,86332,2126,45820,52626,22367,14151,38810,61368
gRxsxPxFfudy,$90350.43,68147,9114,76347,76416,48139,19145,59789,1224,21171,5609
hOGInnakfxaDDEXGCvKN,$49957.99,73448,7153,68284,45710,27556,78375,98674,86668,16586,2579
hmofnRIRpOvKzIODrO,$23616.98,68601,43384,8251,22022,26622,77382,16210,25042,13834,41424
AWORmEnxDwminAXlivzrIMprhPiidNpDKe,$75503.85,16345,16254,38785,85271,94435,42715,37313,29730,13985,85979
MDFvqumWlUfNITsSYOqGxKSeQMWWe,$31455.98,4500,30822,50201,48017,71172,64943,77235,20301,54242,331
DVPRMVqWpTocQ,$98768.87,28290,69830,38130,91125,40982,68852,8078,88899,6776,39673
dLGTPdjHpgXmvrAWHMDzJBUzmKcVRcAVoGPD,$28339.96,22876,74324,20844,2372,40731,52325,54191,42162,40281,8696
IICeHOOKLhmLdaRsDcRpAWYmxzYvIwWRfzVNO,$74229.64,23440,68487,82880,51193,15251,97237,2959,51444,85919,42121
zcrUkORctRxhGIEGzpRuaUhnBLriNSAousjF,$46174.99,26137,4223,60872,58292,49232,91240,78530,84333,90095,81648
tAgboyccTTmYangzglGfySKMThtvYikSIPtwov,$91274.48,96027,99505,87998,12068,6512,42614,26837,14068,23268,45730
JiAdDzlnstdMqrHpzWAglySzCRvlOIEyqfbTeM,$79101.84,35199,30808,10285,64347,39746,39604,71576,64380,64951,11814
zLRuWgDbETgfoKRUHyfQuGHghwrNVcNvN,$70505.88,66187,51559,27456,33145,98646,99004,56821,89502,69554,26517
lCBgIImPfDdbFRWTWnEjGQyuj,$84384.45,75400,16800,11928,18124,47094,44849,43725,6457,36122,91806
woUoKoLXSuEkSytnuGuNDnJdMnKWGWmDlH,$60470.93,44214,45926,91875,7391,92382,53570,41563,77654,99541,40001
lOgxCQvjnHMzpfULHObgmAWiSbaSYfwktCIVSDF,$28109.85,41337,10137,1574,9984,39346,89462,37158,75847,69832,84554
yHpUrIWzfPdKwOCBpzCcERO,$43912.87,81969,8907,71840,56213,49226,9594,12098,63370,237,37880
KvenKDpmiHAxcCUgKaUrMXsQJrUbgCcQxgDIJt,$10439.99,4462,46417,33641,30238,61906,15982,36937,59364,7130,48725
KkHLPkoHiTKQEDlvEhlGGTppeRPaSjneSVpJFD,$62983.96,79317,25321,96396,89289,72292,79669,99553,49502,24848,25800
hRRUvkqLtVOJkMLNOQDnABvrEyyxFxg,$25887.82,43543,97543,76761,23610,59367,16867,94402,3803,83067,44611
wgBUEybcFNQdUclSynLKYpJVGWJbyxXuD,$53462.96,72506,66910,21107,82371,28142,62443,99789,42026,5274,41993
