CwsSDgLmNUeopUBQjnBEyKIqLfUbJmV,$31802.81,90981,72564,81211,85957,32676,79061,24073,52075,35739,35326
TBrywSHjOuQdzD,$86172.73,80287,31597,74410,38020,4161,55622,23978,3490,1435,14703
raYKBqIyjrHyLyBlB,$95652.69,49393,24308,40429,87314,95021,62703,77944,98411,64039,92547
fGAqIRYhAqoyBmbmOA,$98650.30,65336,32904,92709,60357,95508,37405,25521,59547,96604,12801
yPNhHNNHDchF,$89923.66,20401,60473,14450,25796,25809,47254,18505,52819,42762,22562
PqDoPtBwApljtMPYBWqfEwzVUSHXPG,$3765.98,95825,10076,66499,60064,99289,53681,41792,98748,9995,59416
YcjBvwWaVpNgSvLbIbLFyQPHKNxprEcqgmRbiP,$8224.96,7324,79972,18203,12796,6236,16998,83339,92885,4955,21950
oBUeLSniSGgeEB,$3246.98,4481,66461,20007,52086,4493,91907,24394,96015,69100,5929
duRvoXObjKwfwsPgeoRlqPl,$75496.69,86498,38654,65974,29893,2687,13848,38201,24789,68781,33136
nRYJWvBmcFaTrqjCWeHYKI,$59154.90,79054,9261,32262,91239,20107,31715,69008,66287,85710,7194
awubqlQznNeuNODQTQTJdjjd,$26549.83,91644,50877,73325,885,86365,96862,75947,53467,7998,94677
ncHdFyWVRgybpCNpEMCBAQVIFGBmPIGeK,$17330.99,67999,61011,73556,63781,95796,57612,17255,60472,26115,29024
OqNURalAgOKTUahXlL,$1351.00,22725,6120,14655,55684,29984,90562,31309,99037,70099,75516
snnysiKjmJbJoNBhuYxAwFLCQUowMXXFLK,$89056.66,83051,96622,97470,53144,6128,51830,68442,78143,47407,60681
LXiOoCdKqBiVnTzrmpeRoSgCUwwr,$745.00,76006,77350,96656,67074,52747,35001,67397,72181,14522,28786
QQjYUapmEEXNGvRJlxMTEBwaWRC,$70325.00,56862,9708,43046,66322,66921,17780,2748,25557,41118,97060
exnqrrsospgUIkQefcjyJoidXUuVOgmSDYJvrc,$73155.76,68576,27743,85532,24260,93722,17878,3458,69409,93070,15630
FeUvkGNnGWixyrhqHlPhhtLEgOLhzvhEYBaIIov,$42713.98,30261,19700,7912,18578,39357,89344,58729,57225,32233,34209
wPqlBXKwfpUgPDODa,$68927.94,63311,26611,41766,52656,85241,98892,51541,19450,68381,12095
pvRnFORuJYkNNNNsCribqRAtgqhgprwE,$71628.73,11198,70479,72997,96895,49233,87897,65219,39643,47265,49756
xOVOppUfWcuoXzBmRSpcgCmeCJprYCvVrr,$1027.99,96223,90815,19649,50646,11261,47280,96930,76056,32699,64131
cxOljRFogYKUnhNstlDbHyNaoGsokgAnD,$33847.77,80481,71026,86420,81297,16736,57109,15940,81904,59812,41786
HmNOlBoYiGnSMNFPCDdjhfWkQEBkbkyiWLWHol,$19328.93,88528,70078,66566,75640,53766,37401,71191,59644,70962,46262
cFbMmXDFmhNhbYExT,$18084.99,42369,1614,87542,71672,67498,61130,98493,57909,380,19829
KAclzGISrHDrzm,$54773.84,68483,52168,55515,36749,6462,27188,70899,34245,25681,95461
fnCGOOFUxYmFCdfol,$27522.85,48820,78478,12285,44281,79655,24347,95658,55426,78002,85699
WnqVaVXCAnNasyOzADVmBfrshCVlSNepbTKAqJe,$55878.68,4078,85828,41382,24538,41438,51567,57184,74477,41408,14177
hqLlGmgrNVbrMxIeNYJdPsNtCd,$53906.93,94142,21143,15556,57221,67044,50599,1421,54935,10668,41395
olMMUpdMCwpFKT,$23865.96,41828,23569,34432,63415,890,42479,78741,455,40826,10007
pJhdmDsSoMyKI,$76737.80,84127,38162,25077,92607,28383,59409,56022,29173,1889,34764
gnCvxJXJNQccDBnmNxfIPjIqmLaRWs,$956.00,10067,70564,71159,29114,66683,9778,3335,47538,91479,53971
qPFpOGlPeCDBEFOQOuHpFOMMnyqsytvOJB,$67062.96,64356,68133,1035,65176,7016,63626,76109,37826,74581,84741
DjoPVMFOKzkaIlDhTSufKlS,$47819.94,77360,9822,92183,76385,79666,93867,49305,86106,71658,75133
KGydAdNLWUTRpNKejh,$17698.95,1123,11275,21573,94381,43367,31061,51453,18791,25747,39669
OTpcFTKmwdfSQqyLswoTAaBBqkGUEIuSdjuid,$6799.97,26884,3844,61132,37339,78902,62839,25721,75534,58927,57371
WltfFLHOhPsnKRVKkvAAhJNGMBhRRxgoiaSnLB,$55767.86,38236,50299,26629,36658,86903,28311,59468,17459,56776,86021
LjmsADPHRxHlKtMLMD,$80670.68,42844,567,73136,29747,28778,99256,47106,52206,85278,22806
ljaMmpTfmBqwuCjhFpalHueVLIGHkDP,$84384.56,14117,64954,76353,53384,57637,47856,90186,26742,56340,21077
xFBmFMTaqpLaVSJYIgKyokDqMu,$73687.95,89198,65615,77250,71918,76442,49588,84950,37005,1666,68181
ogxhQVqwHOlRRbeLvkUnm,$67497.86,45932,57986,1856,80766,1590,97222,1635,78081,80616,96379
BEFPpWhqctlLoyxoIMhwQLmcQQTSd,$47356.82,64932,59736,76288,85411,35778,48433,23333,34334,53692,40178
fXeREbjqnlhfE,$88930.63,54962,51789,56407,7126,87467,71493,97011,88453,25185,37190
qjoINprfCcLhHmoN,$40688.89,61208,60959,45811,34986,15178,17304,31998,3632,9141,35840
DJImxxDcbFOHMbWAeWAvcFtPDVfOIFJmpSXMqB,$22702.94,38547,4307,89864,86522,49086,51019,37089,58846,94214,28800
NWLOMDwQCrvymEQhIKHFUmzJ,$68270.64,10825,12454,46144,67861,41260,30478,20214,42858,47920,16068
nvhITtMkaUu,$97882.48,69525,83488,56975,47003,62594,69771,81516,3855,66902,1730
YsjnnQvhkjQKemt,$55396.91,56496,14536,65432,80123,61439,94679,49895,42956,65186,83449
TxVCkjtGQePhOttHzUUfvGOabQVE,$512.00,85764,9420,87561,33734,58755,15305,88900,60259,31835,40868
aQVKrGQfdtsomnRSUVFWvqft,$10288.99,29699,54772,16386,35993,17750,62270,80138,77418,28023,62377
AGxvWconMbC,$41288.76,79699,28599,30336,11658,24950,85008,27944,60843,2758,90114
