LhrXXbtWVXVJGPwTX,$70971.55,37166,62733,71432,85198,550,15181,43124,4461,13346,97571
oAVLVFRLBMJbsXBLSghtOjEMrBsqwV,$68705.79,43973,92351,91110,91657,98591,49771,82723,14686,13968,46309
wFGCnzrVEenFVeCsun,$88144.87,23174,45017,93175,21765,61440,75898,3104,75309,22208,46274
awlnWckbFWGBbjtwwIdhRb,$75307.60,35767,36813,98171,24627,82988,79103,33598,64725,83875,39589
cxUHuCIwLCSIlvPdwuJPASvAtJBrjpl,$93482.60,39431,3473,45721,51101,78888,40386,87513,17100,226,46242
ssoNBDNTzOojqFSfqDrWwXFW,$9559.92,93011,79216,72316,35397,92698,53730,45020,40794,37022,79881
WOFYpFwTULPBpz,$22061.98,56384,32633,75135,76767,77553,82582,80441,24186,44208,37533
fJXkGrfsGhiFQFCdjKfeuCh,$69871.80,35153,23426,52020,72586,8131,29688,32822,40974,66757,31718
RUJYCPPHssrdWvxzCJlbKqXwDzspLUsDqBcSr,$10847.99,61920,35203,86733,28039,98336,35696,52635,49528,17147,85043
HoAmNTBaOtdfU,$12267.98,33501,98274,96945,28161,66565,47185,81027,88694,78254,57321
RfVXDIwdEE,$35197.73,97743,78729,28534,95471,21776,56008,28972,86703,52953,57034
yNjnojgTED,$88181.61,77911,87976,7502,74175,70923,26984,26931,68667,5713,22117
NdrjMTkLhtYVDEPijnVI,$26805.78,43389,11955,15351,78708,84220,37368,9599,45014,82045,36014
QVECCxCyAhN,$99538.72,48547,62073,23055,58588,73928,38306,4049,24900,75574,13548
peYhadJCbLBBTpKjQpiHHUiSsrjNcKtRORy,$634.00,79338,77918,43786,68517,59220,95107,52023,88383,81405,76328
ewSWXNhICXWqcLR,$57930.82,35676,37698,14203,30783,89622,69238,78840,65950,76376,40862
UfrImALKxcMkUjwSqzBdyxqgDajAc,$84485.73,5708,64566,95886,72556,31184,19066,28684,47004,3044,41851
NnPGDOigMgxSjxBkzSEwnPbUcS,$95933.18,87553,20236,31263,44497,33015,13704,51780,98092,93258,11828
MPDJrNjJsfXIGs,$57598.89,90439,3911,11880,77992,90699,43043,89141,90366,23399,40921
cabOpFzGtiQmNoUugf,$1802.00,75178,97261,98444,99340,59333,71666,3593,42286,35327,78209
YQkRYHOMhKBVwWjpKEXKov,$90188.48,16149,9991,24509,94258,13663,34793,37883,21764,75771,3941
JsLuThrqPGAueliY,$19446.86,74064,4878,29221,65225,99036,42784,99918,3671,31201,42442
zfhKYBrqrhWSBBDkAukzOylNBJNmEjBDNj,$37323.75,85633,6174,22215,30783,27767,65552,95063,23424,47015,88564
iXJucSwGHfuvPbYrnAM,$31339.00,6266,57541,98481,51331,2686,90773,33043,6123,6055,15515
anjAMbnnNPrYPyeYiqogymcqFbcTf,$81308.92,63985,70072,60414,558,17111,64289,10661,95439,63452,79928
XwNWffLldXoudpwXTqLzxIErhxzsFxDEurbzVm,$51132.72,31384,50835,94696,56609,75892,76094,61752,9984,9403,17812
GLVnJvFOtItnAUmwGwwrVqgIGRQNPXsVko,$68890.47,92361,17024,66233,54245,70774,77432,64110,37443,68652,93174
uhceOtuCItUeDIMWsBfvYhLwDNqHnhdHpEleXGg,$74417.55,95452,88963,49600,32837,33150,87751,70430,10713,85015,91700
UpxlwKtzSiee,$98860.40,25843,11358,93567,66373,39294,55771,22088,55546,55260,55138
qBqBlKQiWotPnmXsPJUABekTXxUrI,$89942.62,14665,29469,97936,49104,91877,14872,30177,20017,26005,66934
uKOefpFjYYiVUYftiDt,$24819.94,97706,31530,26433,31900,19044,67061,99674,73208,74427,94796
AHWzMqHQJqUNkPlKP,$73280.83,41498,83756,24384,60442,50818,24059,33650,91897,85507,60799
HBnURulbKgOuvbFlwOtbrFeQAsTNsyBzbOusj,$20729.95,96590,35901,51526,28403,92926,34342,10624,41088,77501,43563
LEvkgVKUPeDVXxhhMorgFXprfqHQiyT,$82951.91,83186,27105,34535,96688,79537,598,66824,37764,97522,5107
SoyyLnqRDXIlWcEaRikDWnFOUcfbGc,$98132.63,44813,65683,44429,31879,9528,42550,85108,8171,53334,15451
fXJWgtbCGgrcHVCpyuoOlmQpALWnnqVROfPuXq,$71557.67,41882,43587,88347,4983,69612,85462,57653,95254,560,21889
OEUacHosDghjvchlzmhN,$57.00,54493,63859,54338,47683,61335,21631,45310,19940,84237,18364
KjmRQgEizWY,$64625.77,66956,95206,19016,7435,24779,40161,71195,45769,87744,32530
BrrKHCttTk,$38350.99,59830,81015,33674,92337,14724,28881,11353,22059,20312,51414
wrrusImDqOWJiHIgzHAqmjBwAY,$79023.91,82182,74859,35446,82115,13880,13557,338,70771,15730,94579
UAedgekHuWQVtQuyCvKv,$43114.82,19618,77173,78163,2000,38505,15743,96274,9326,41246,54018
PTwJqngJDaIFwScOHjasKPdVXldgWMvmgrVxe,$48030.70,99573,6375,68560,10490,18311,87551,27368,7183,47283,30516
mFbxiGTUCg,$76566.30,26166,78726,30461,95867,38196,86271,39048,4521,59298,74260
tUJGetJrzkoHQjdtOENrdMwISCeoIiy,$60627.70,76841,17815,37295,78948,17311,49051,39217,83410,19687,52053
qaDSMzBfcgtKoSLrBTadlyfMLogIasuPsXIf,$88981.87,21885,78584,43886,39367,73694,77049,4689,91784,62681,60151
BuFpgTvpTnJjFhRkECTdRXnVuJsRaNtBHYq,$33914.91,99502,32303,95946,41954,48219,99824,67056,67297,94036,56533
JGpFcyxtymMzTMqigBLS,$87686.61,45646,98922,46323,12703,32971,40359,35888,31092,50393,27133
LKgjEeUrdpDtxjvkCwIsAc,$10410.99,4840,52610,60538,12849,45890,61182,33179,78213,6901,52670
YCauMCqUuRWSLQMIcLOvWETrAWgnCKdBndwzFM,$64085.58,21008,23495,77818,44565,84986,65375,29775,2221,78757,80361
szEsVlFyVjzImvisIcSMTLDBQCmHPQVIqAbml,$8383.97,49724,2655,841,12181,1193,11328,66664,22916,85663,81079
