MpwjNcqyhFnUrlHjYLIMjRMHIzEW,$78580.98,43036,44096,88710,7010,21699,36486,10971,65197,43893,57637
TXJBhiopUxihfqgkoUsHwPWGcNH,$10208.95,6967,3974,65210,85375,94500,50367,98052,77298,80469,66471
JIuEbBARXHTMpgzC,$77751.79,52840,76730,15382,47340,93750,80086,91290,74219,46557,63479
OeYpgYheGAqvGqYwWnFm,$85890.65,4128,96937,41827,62070,37908,55036,25549,62639,59349,84831
NgWUkeVbYcr,$14887.89,21324,71727,29948,76260,63929,59239,2362,15512,18282,10588
NrjRnkRqbpOOASOEmmQboNvaGOjag,$87735.61,34827,48297,7755,47477,99008,14618,92236,87711,3670,29010
yulOVacQaJGjjmOjGlRTVKxWFQMPkUoiPzwlYzB,$77289.78,1175,13610,86058,93030,70063,44547,37261,39056,71166,29690
bjJNyUiMCxMaILzllHsSznp,$19439.98,92440,40471,58675,4036,40801,60183,77428,81103,21430,40353
KfqJPBriUrVkRlhkUHhyknmzRTxJeuoPYFYOGrW,$84782.39,52844,90385,46299,26688,93195,81093,47710,81946,34542,27924
jKwdjFhdUwcawQgnnIvGTUkNejOVgazpkVRScz,$39069.98,67452,45503,34693,49221,94873,8646,52754,54920,30359,9132
sSzchUHhuXQQ,$72252.81,38465,81852,20141,84357,55909,87493,96512,57254,36714,91386
XhcCCUvBwc,$44620.86,12971,15212,77903,8759,27380,83020,57264,47421,34129,13173
TNmBiJIJmlehmAjIFRzGrGyc,$96046.48,71166,16274,73100,68460,53253,11381,23892,22785,72335,92183
CLXJYzshEkGlbNkdupVpKKkBnQsWhtrJFqSeplK,$26986.85,18690,78054,35974,11778,66507,5116,42685,37885,14011,8804
QIryCiHHXBLnmwGio,$84345.43,72706,64731,63146,84385,97890,34915,93722,2528,48826,2526
zRPxuYgBWHnltkr,$75345.56,98829,65036,4053,28727,16173,1943,30294,9895,71023,45772
NdCDAxcGYaNMK,$4828.97,2525,86889,4821,90861,28292,26008,2563,72784,49333,34254
PHMqlhCPpTAYEaKIhEYOebyrOq,$3162.99,34906,68297,61808,72010,5631,59666,12040,6123,52337,74071
FJkMQyxzKYwnfIJveoBwSkrYKfAdI,$22953.89,22780,30495,69816,46767,2639,92159,22732,86959,35994,26839
YGlIxktCkVLLJbwHCyDbzlXW,$35360.87,69831,62533,31047,37178,54963,73196,67409,98615,30374,5910
GxFHtnJrQkQCHo,$50326.62,11486,53096,39254,73920,84043,43085,28883,57239,77146,94150
BFSYlatXJKptcRbqbjivOnvsnlcEcmsDr,$8619.96,23721,81078,61194,34949,71824,1020,57525,73347,79595,918
hBObAUGkEsvzV,$40729.87,64973,61381,28381,88594,9211,56227,23544,80935,57147,47721
moRTQGuQbbBgT,$15589.99,56733,19396,55174,88359,80678,50207,43705,89789,6434,67149
sibFxSYNYteaTfgNCMeIferbpprHwiQPQRUNk,$28099.00,85473,51912,83473,48256,1854,75973,25122,68554,12178,91677
irPyIkmSDncqtKwEArRdPnLtbum,$69227.68,70278,90882,86930,3892,15787,1875,19052,30430,63089,28615
yUQuYsmQvceGvFbhKUTPXx,$96245.35,18128,54952,81959,81117,83467,20231,38278,8679,30354,97941
DcxyfcFaHGisCBHaz,$53112.83,24166,89921,97763,22107,78079,8924,91053,57481,50710,94668
IVVpDNrgUQFm,$18903.90,34384,40210,49658,58450,30131,47421,80458,74862,22998,38263
JvxsrThvHYBDPGpguIhFDhgyoHhKoGTxcQ,$76566.68,75158,32207,59694,54719,61354,6683,44657,84899,55095,49744
wyFCwukdfYJywlpMebktTGIPsFbKWV,$87545.30,45920,46957,66206,88310,73773,98232,91465,17879,13553,21133
nCNrdxkWDtmvYogvk,$93251.48,78419,82026,10854,69884,66558,90959,57669,19397,2667,25231
SzeDVHWjdvxJQhaEKGne,$98332.98,12456,44749,41313,36777,30798,10632,28660,92158,83301,87171
ClEzTiUQRlXRpiXCmu,$53105.95,5223,52388,78914,97281,35689,32838,70282,35863,19571,19216
YPkPhUnYlvWnhQrjMPPdbdj,$7251.00,57442,5137,61828,42317,80716,19427,74018,30820,52030,22824
nakBdsgLIYSPcpDazqjEAFqCtlQxvibIjKK,$6602.98,59758,55792,28269,73300,77374,21780,21962,47838,46498,1876
alwFBYanPWiyxrhIcSmsQXiIAzpfqvbQ,$28149.86,57772,79200,31748,13564,1927,48394,43469,44231,19989,31281
VllodIwljvaOmUPdcoYkmVfzNHK,$4079.97,4686,11313,25353,92477,38709,84844,8134,11109,11864,31102
LUazTJlpokDVUHyXlXnYLEVVHdBJxThI,$98653.84,48478,2619,86521,61624,41345,3449,29183,56418,38865,15742
WltIPPfWsGhPboYpVH,$81659.28,593,32320,55182,29677,55390,93947,12071,47950,90909,54535
wEJbccIjrjWqysXwfa,$46003.90,43576,96505,33084,91426,54166,54271,20026,4975,89306,9270
kAWtSgPjfjHBNhtImivXdXmzpqodyNRI,$44388.87,50299,44652,38230,38470,51523,50497,84080,80855,76892,54474
rpGPcFfsUHQ,$11507.99,70941,70755,11134,55430,99900,94283,88188,84444,27187,60221
PDuhygzRSGqbjg,$95361.92,17306,83529,71950,28340,5712,71851,22623,60552,23047,49710
DodYwBEVSxcjX,$53705.97,48493,30342,52167,54105,2193,74691,14657,91792,91053,2083
MaYjcdEUAHEySuKH,$61173.80,63117,47665,72810,15285,1770,74903,89876,16328,66696,47681
mNoKwqNcmoJqmcKwKfYuVxIbszEJLFXXT,$48514.77,1382,59918,79193,57662,98104,24096,62627,30121,68221,35306
usjPpsQHRvrDBpBvcJlfgetPFymJNFXHxiy,$94487.84,75778,78404,58006,27506,27448,35371,1511,3761,62426,18421
sjLwCBCAnmNtl,$13196.99,61928,6036,56098,37707,84340,80756,31865,78440,82779,33276
mUHFDtBhUehiQVbBRSumW,$33692.98,39734,92960,34586,96710,60841,36766,1357,38161,927,16881
