YwXgnAHGNxnQLQlTjLm,$67378.91,53272,99529,423,62685,45760,46178,86936,45516,46119,90259
HggHNmvmzmxrWQaIClQRs,$40498.87,85338,33700,25251,97506,79719,15511,48849,62778,3076,27672
inwTmIQDfH,$62480.84,67552,44850,60542,43181,51179,48065,81396,3269,81665,6648
CuwwNxYvKvOWEFbjNf,$10046.95,35194,79900,8642,26009,38339,19144,79427,41122,16603,5194
zzzAInfhLYILbfYvBbwY,$98922.34,21086,27949,22277,26180,89482,78353,81000,66077,15136,23651
vpVTYHuegPfhmELDXseKXiYYGNYeeHo,$23840.84,56383,71875,68299,14727,49492,72288,58696,74161,44966,14101
tIkxtHgSGMGfrk,$99049.98,72375,34680,53431,44250,2979,34810,60394,41919,60158,1307
xEdhoaaWgSdtajkkV,$72930.84,87825,11865,33815,14972,53684,93874,16179,7222,34785,98361
nyPNvWgyPghaQdpKjUgWhrS,$34564.81,72606,86969,89592,60481,11426,62712,20628,75203,65252,57574
nSPxBkdzsTs,$20516.93,63447,58224,51247,59112,24652,8655,98370,11621,64899,58852
xVwtKWGdNDFXGEPaWJo,$65909.89,44796,34632,55659,9695,60136,12011,3959,39516,43465,63375
hSYuVeRcIIcfRQUacmyJBABYPORAxfvExT,$71416.67,74979,41535,47945,61632,70050,29157,42894,16906,20766,43641
PBuPdSFrLFOqcTNVsHujEAI,$74348.61,64822,29926,98066,8463,96381,13355,30138,57381,90848,52258
dfKjubKopggWAqBBYeNzwgQhsXsyvhXY,$25416.83,81485,16003,17713,42549,65194,7748,88774,49268,98080,28742
PdOOYuFgmeYKYFjxrsfXcxRcwsyvj,$76598.84,96049,40586,32410,46555,93445,99223,65290,79428,93531,15898
wIKUACzyfxPhtIfOrbkQAufyyYdPwG,$96495.32,97036,5220,20902,5965,50669,62426,26934,29656,41106,69245
mWsDxCUxwaVUyzlugDmUgalmMXxWBOANLSRJUM,$53648.77,41286,85360,31094,74917,5514,67892,90335,77835,15245,37821
qotdnRaOGAdSS,$7846.98,9051,31092,57988,28253,82837,43280,19621,2574,85560,55477
sviHMzKuQcjiwqSLzRhRvvwPmpYjgyDytmGg,$21065.88,53691,45807,10664,33286,16820,40177,54642,97974,17303,18297
NFpDeyJcBIwnpcygdaYnKo,$85182.91,4225,96170,14887,80882,68225,12307,69124,71241,40234,90826
PfBfhzKKAJXKXLXMzFjFCIaEWWKjetwTyX,$25476.88,27675,90034,92325,90409,86033,42560,31857,67960,11993,2372
ufsrBCAgWxaU,$10961.99,92240,36847,5318,50909,33510,32893,40943,25835,89954,93628
FtfKHaparQdsWaPx,$79257.55,75450,80626,80121,93011,14136,79667,33955,39872,69621,94235
FaSqhSFHKWKCTkRrfCnBhrqEulCOLH,$50464.87,57537,77875,23472,65520,93097,47769,67066,27239,92214,79268
WwxJYEApIVAK,$41989.95,83398,65210,80819,73522,97382,73917,21291,64448,67808,80157
XmkUWIzxxISxtejMRnocYeBYsckMfzadMJXJ,$10620.97,25432,8707,75204,23167,90410,1345,75341,36661,95094,41177
jdsGmkdSYjSLIwiTRqupyyO,$30143.94,46333,64073,87700,83796,45595,37475,12297,83501,45987,49305
dnuXqQJdVXjhyyWrnueobnWboWvEuNJWbe,$21836.93,18990,89428,81623,23645,33700,98294,36873,32438,32821,30756
EqIbrWXMCSaLPbPlSlONDrrC,$98184.44,35327,63044,85591,67284,2841,23217,62932,37214,18159,34520
jNFjzVlphDBVQEnihEBEnkssXWGMTsYdgfmfbWu,$81078.41,7480,25424,6051,49942,86925,80346,55975,70113,56720,91705
BIAiUuAtWgyJlYgfGhbKxAcwHxwsgGwhOXp,$12954.98,87649,75072,34412,42768,67229,28897,98985,66767,81954,28005
TRCnykjFyhvIzKmOGNNMOSXxfkqpxlvrCXEAHOh,$65269.00,8410,18468,69696,72964,21973,41600,69128,38645,35217,52942
EcUpRkMCFegdjGlxnRSphodiWVWuCb,$48595.95,53194,3491,1632,78522,60340,21212,27999,14239,67260,4839
tyYMogAroWMLrqMbXqgulUDIOQMm,$98935.24,44739,17573,80661,69902,7043,330,11504,9762,83434,10946
iEmkccPwMlawzqILDGFKcYdMX,$2030.00,2218,39904,2974,22293,92004,19752,48708,35785,24837,51605
kGvSSyYXjbwMnTJBGWdRRkq,$71608.77,17374,29025,16681,23357,25675,74557,80516,55618,89767,37345
wehSQvNawTWzLPjCnctgYyganmWUlsBHwibNdoN,$54.00,30385,56448,47435,25698,9837,72707,66501,1800,68220,12340
DsBLitHjBxTwMnrOnjnkxQc,$31230.88,15596,40063,15833,54390,57836,68749,98952,98159,59813,8893
tgBhTsVGCIQzztPzVjCtLlvG,$93874.87,75930,33220,9075,61634,94529,49664,14655,54621,54797,47362
dAKtaJMPIiylCKwXrsHbQNwVoYbuUzWxa,$71830.88,57212,49574,50121,12701,61118,75946,90262,19602,55053,5928
aUQRIoNwnorjOoGovXOMdENPSaESHQji,$37485.88,15062,84040,6028,29599,88803,71920,67050,50838,47120,21703
pteRxRHqrLjaDS,$84490.71,14916,92703,51978,98857,98631,48229,54412,37304,15280,71903
qxBjBuGuBWloGKrz,$35315.88,44912,78594,7020,95888,48881,30669,253,31292,77837,20931
zNeKBKwSkozCOPCi,$56608.61,64035,85097,80089,26676,33978,10758,26829,65170,88495,14412
XaEjCpFUaTuCikFrrsOAjpPrgirYhDyEECNGSt,$68256.80,57557,60744,12013,19909,29968,18040,86809,84967,63819,60225
QotwVLvdpuItWV,$17850.97,97498,39269,45671,84307,24237,9490,11284,61643,37589,58318
ALdWoSQwmNtMDjOlMMNlr,$23992.89,93879,12999,30368,31468,37970,41779,28663,7642,75555,15644
xcIjPcVtlkfxWsiOjFjvpEfePHSMmeYjghsv,$13573.94,55521,65898,12234,26194,57152,53195,74604,66144,95871,91738
xWYNeRAPvYYBgrWO,$53266.97,39711,10073,66292,51845,36168,23445,5040,77424,56241,911
AbczOFQPvmou,$49591.70,90842,35291,68208,97205,45265,34500,15802,81333,24597,87394
