WtXWurdOwzohhrSIDbemFQuMKNemDQ,$36325.89,21006,18769,3849,63820,71027,27886,89117,25922,808,71131
MSNsjiftwIgaAhaJFxoUXghx,$64520.96,46572,68667,57088,85157,12668,89752,86133,59040,54623,6420
GFvgFcgphdDCAKJXxlBjxuwxG,$15089.94,51535,42782,5408,47846,63442,38538,70137,89962,95206,10690
fzjDWTEGRzdpgBDik,$39704.88,93892,9956,31461,24087,48395,68251,14049,10353,78841,11356
ChGYBmFtljirKLzvByThLoJNjxmHAKlCr,$42504.89,59715,92794,66733,52599,62645,57123,37021,54584,46345,39305
OPfydoVpVVzG,$20386.87,23528,21800,44793,14714,1549,4508,74160,34934,57007,36805
FWeKNTaSRDhosCkSjJkjkuMsQGrHg,$91905.83,42980,40730,4557,90298,31645,49850,66696,12320,72346,90017
MCvvMpifhowovnsiBbEddbXXcyFUCYgpbBK,$79531.51,61993,22186,27637,79854,75171,59129,68631,8897,62693,86265
OgIPegrDLLFlRum,$93762.84,55196,69922,99006,77282,64211,78861,52454,89992,47492,61251
NcftkvXqMbCYGNqbakFaTcTbGcTMLQeYtIs,$90103.76,28971,94461,20317,46447,37962,4536,1756,65359,75917,82487
dlJFElmGfyRwCQpLISpzngqkVoudmfSP,$17455.90,34497,96354,8150,77221,28300,90948,48915,54608,60816,66957
wqOivIXlmSFbaGuGYKpHPjaNRQaiYVUvLJEHs,$8714.96,96765,7209,81612,29739,75615,81646,94302,88792,70609,60114
mpSeOACkvYVFd,$11109.00,5553,96937,77454,12663,78549,73845,88178,60195,34899,43723
uQejjHXkliFJDKmHJremszTpa,$66854.94,2187,35960,4240,66801,47465,58367,93064,21025,83822,73186
EjgQQPHUBauwpTzEzUJWLFzKmjIbeMwIVDYMS,$62080.60,59303,51917,24047,50664,40941,36640,25564,71567,89654,27626
xPRjcbrDEDaMADLMxRUsyvkvQAvMmF,$5644.99,19313,48428,6685,59166,483,88396,32531,36776,84178,21028
URLjgQihuYdppTubCzIxQVxSfTnmnrviJGQpyYw,$88856.57,25977,1455,83338,99098,69417,40012,63188,32647,69732,46490
rMYKzlYRhhbNyqm,$51704.91,67368,26112,16324,35476,9450,82074,4893,49362,12014,4192
LsjXrTxcsOjaPXyFJvRpsdCCHRCgkbyVShTJc,$78500.60,43996,86751,59475,22619,98623,91973,53405,74879,42954,7886
yTJFMLlWMksfrmOtCAojVig,$38584.81,87736,78873,68177,35840,87580,97758,5233,84392,17346,11020
QXotXcDukjjLrAcuKYVOEcEwurAW,$61444.71,10340,7829,94486,62440,12349,23457,12911,34775,15934,60178
KgevFaJkBNHWfitb,$55184.72,78734,91739,96378,73220,54179,75380,96577,33743,10155,12512
eAAivFHEqjsXFxFaXxKKXcDDagkPbakfA,$72718.68,56365,45546,51604,3854,30124,15331,3142,51381,85252,92212
niuxFVbJWiTMItxNtIAOYUOGXhl,$32596.98,37403,58944,12249,9562,9130,19167,8888,83362,69223,69024
FolYWlNVFCCejolFjConNUxUdqz,$24742.80,589,66451,4625,29665,79883,66635,98155,47169,4031,98371
ClXyiSbyssBii,$51362.97,72039,50759,58350,51923,84047,56505,98992,87978,21628,51677
GcnOuNNNGpvoajXTWTkijYSuWrojNRYTTLJoA,$90600.99,37589,46208,52626,1694,46793,14446,93894,86213,55649,14980
qEqMWeWKVvephnE,$56113.96,6277,53274,49734,25555,21620,63179,39901,82167,16144,95451
mwEcjBhFLCbQSjeWqOC,$14574.00,82797,92805,80830,45976,99358,29749,62020,94809,93448,42490
kUVlBBxeDoWmRtCgWHQDVlTmvztKelxogt,$25832.95,88317,2787,94695,75691,9627,95362,86664,79253,23955,3772
AdQmWdhVwRbIpOoiOWDmj,$25148.95,50777,2221,34627,41384,72545,83320,61081,52535,50947,36178
MDrIwRQlHguVCxIL,$50186.90,69052,67941,66333,96786,87129,83932,99616,43455,720,32302
fYXVkfBebebjpaPTjwtrN,$41102.84,60655,49182,47882,70762,16555,80084,94436,59838,57698,35859
zczdCdfMtECMNygELSVbzWptTfSvuP,$87742.47,517,20257,23941,31651,18650,73657,50636,93884,39378,85296
YUzvvYskSmPlhkczetRAo,$89273.68,89129,64532,15346,74426,72583,19262,12459,35079,86213,51294
PqABgLIPnHtHzTv,$34759.90,39897,23593,39266,57844,36070,4904,63411,11808,11888,52120
iMpQgwPzRdwJqcihKuFV,$43018.93,37245,71134,59215,48953,82922,11335,79916,98460,55078,89552
XEQxwTTGlVORhIxdzlhQnJaFnFYXxhYvLPTHK,$69849.88,74851,41672,56333,65805,22208,25806,94718,37168,61508,19536
kdoWJnUGTTdFJwnT,$69562.73,3525,13866,68864,59758,46323,90973,85464,41042,94793,46973
rmkFjtsebmxDrGaFBjHQ,$9951.98,73686,58039,22804,36381,37620,75909,81317,59247,41373,52961
twqUFxMijgUNnJvdakKdJYOcFeUyQrjkNYgS,$7532.96,20992,45714,94884,59185,10277,60709,80108,15179,51225,90487
EbfCrwmbJlGDHyfNWBGihV,$12158.98,97770,10117,64622,101,75150,16089,87431,24561,55563,25493
uNlbvsXsfToayjRoiJJkS,$70889.98,48647,60099,58810,70862,52244,98991,51316,45005,71700,14404
WVNdpdCnLUcUELE,$10105.93,35349,29819,80240,6211,81963,45984,24180,26969,84336,5236
usSWhvAuiUwCzHGXuIalhXkJId,$27741.94,59383,29294,77398,46300,94543,85207,82706,5704,12471,76846
ClxKmISJScRWJJWoGslxLpJendRiYFLb,$60091.99,27192,84128,35220,74345,25037,27293,29040,99295,85482,8761
UwosidBMrEEYdJKDztqCkTOvASBphF,$23799.82,66865,98681,53775,1546,85088,48813,78035,96799,8084,40130
jKFYnQTcLTunjctcEwKzGVWeyzfafq,$26313.96,793,18953,43137,47844,83194,48577,40878,76643,77791,822
WqEsnIQMnq,$79152.58,54791,63279,29319,88695,43917,37625,4522,11362,23230,47559
HjcJvsGRIKkvSAIhrakUfoQXFVXMVXdDiEMdw,$53931.74,88825,96803,43865,45069,72352,27528,70702,87855,32635,26367
