hvGTtaJlMrdL,$14158.94,25971,85696,89897,58376,86583,52870,52640,73071,44736,6876
ytpfoIExUrOXDLEAHzhozOaYnIe,$58868.84,25464,82507,7727,59186,40849,15228,75656,46581,7160,25230
bwwfwfEDSeStDFchvUyemkDiImJfoc,$6959.98,89689,47305,834,12069,12971,21611,80831,85597,34270,60385
FnKaEkxpNotUlak,$91959.64,10125,60112,24289,10859,72081,37160,99022,19665,22758,99944
AcWlBcvzQJNlEyKobLlzaEYKEIaNtW,$70227.77,26183,97176,65690,60605,82058,11125,95612,487,78764,73084
LIeMupLUukFYTfmncjHBeMcAnc,$86638.70,99253,54106,23667,6279,26484,40418,16098,77652,93794,48375
XvXzYlbaXdowRAjsWAfNgEYhoqgrmRhk,$13721.95,21684,96513,72559,70937,81262,50853,10517,50431,6196,75612
flAJKHxbNOMfWWRCGeS,$18805.88,75579,40252,41897,60036,25568,7343,3786,84384,19932,51031
HnSzpAdiSsqA,$71986.95,93933,87840,92028,34877,63419,98932,43426,90107,24500,50669
XYuTGHnFXNjFG,$66374.62,80777,14435,88343,74711,2275,47123,76240,32346,46056,19667
HEbGDvakDnQbAz,$38849.88,16027,55082,68696,63456,69418,23791,38167,71593,70814,81060
QOcztdFxYf,$96032.95,37277,69167,6139,27891,66797,10697,11999,82724,65679,80595
WSYfRfjiTlH,$71216.77,49600,44682,99976,24825,50924,4006,93892,23715,31797,27442
MLvSERmeWeIgLdrTQFGBRY,$7609.00,3576,25797,40197,30604,23401,80924,34733,97723,21642,96458
HHtPcTDjWIkQTsmWYbGqBnzbREmFBDHklA,$27938.93,84792,55896,84372,36943,27303,39292,5815,44529,11649,49484
OxwNXNRlutOcdzcCLwfInrPUwNoYmjhAg,$88101.59,90172,25040,45929,47323,31354,8596,85654,83636,33831,38439
pLKyycNSyBhxNPFNWIbBAGrMFVAiYPmNBWmaY,$35524.87,60304,74525,61296,13286,96198,15750,66957,10230,60275,12421
xrbxzaolNPjAqiaIFcjcRYc,$1133.00,39101,96397,61569,42900,55265,81395,60690,43861,45571,6453
tuAewSVTQzbYAvFwPMOMOxbcXqr,$49196.94,16897,38852,67113,1296,28767,70313,75393,75512,97001,62531
BQLHnBTBoiYPkwFCjdH,$32267.89,27011,20449,39139,69056,95861,2892,31587,52332,57787,27430
RzxlcmtABeXhGGkNIEudTxIzqRwAciwT,$68236.85,14289,43985,54968,81937,78766,88446,40852,98902,30942,19192
dqBWNJxEBtfDBBWJUBtBzEIAmxjbVe,$1539.00,93046,40490,93128,65076,8555,78577,9687,68350,80034,14721
tKrlghSEnRqhEfYgsWjPzAtNBAHEPmMkwfvcLN,$4446.99,90532,93150,56787,11843,58804,46899,26100,64849,30140,5434
EygTkSeGxYJJMPJtnQdp,$43615.85,47350,1329,67875,73351,32830,64667,45437,78831,23277,6443
VdrbjpaSYNJIGWYjmwcvWupzlMSeOkCLM,$12009.95,54668,1503,24126,7486,11645,65824,38526,71062,71810,71826
djLsIXFBBuLEFYYRVielq,$70789.98,845,96272,94080,39323,2623,59604,58451,12046,53368,98232
OBAJNEpMdHIlLtboEH,$77491.93,48482,91354,44105,6934,3400,97373,71818,93918,4166,9426
yVqNItUQfgkgvpORAtnzgXPLJOSUDA,$52778.91,89436,28399,57397,49631,89063,44487,55920,17175,66225,37219
uirTpOJAyYSSctYEPUTukepfVvGipvnKeeE,$89559.76,52016,58787,82151,15518,75369,78103,5994,34616,63179,81988
nQPshuNcbWrWJBbnhthvMzIzK,$19900.94,47532,74591,14724,61850,86705,9683,68601,78165,10806,48936
NLhnVFTqxxOCsDAtMLxwTs,$58588.66,27634,9593,51330,38341,25181,49414,35591,79791,49413,1398
ehaBepDVsDqfpn,$22290.91,61783,49098,43680,8327,65163,11730,90523,94648,20096,90984
zcKvupLYEyaODFIxVTjyimaKoowTJjbjKM,$17885.97,3778,96574,76235,9099,28049,80301,74777,41125,54215,77156
DgmDqArnvbVwJHIpLkFPrUTLNd,$55972.70,63526,88286,57880,44044,97756,23802,20879,29051,47091,51667
RbrGNcmDtiWEvaUAiIETcUjMlpKxxfgPgWw,$55473.85,70013,88825,57264,27200,91841,20780,44092,17164,56684,23659
mePyuaVrEBhLXEfxoCOFVLsPdgQdxMFKQ,$85078.81,25724,47816,1024,89752,82374,26040,1814,33301,10938,5828
csPhpBaEFgviDiNNaIVkeaMefxpIlFINYX,$70464.97,18717,66358,7115,20025,36740,66674,97819,94220,21216,99824
kOFootRuQGCBnKpLJKYJfQpgeckaecvpqcdFvva,$35846.73,13226,630,23644,95062,15794,20107,3363,886,35187,44574
yuXITBLqqcsTHNOhYQImgwpgsCgYVvTupre,$6459.96,24898,94749,82857,79477,70327,71599,67934,69450,88651,38837
bCfWxAmoeVHtVRkoUjT,$19110.89,73123,53560,9577,61774,59049,98056,4246,2981,74357,78160
LRIPoQjkItYDDSQtsNyIzOfHjKQGwwbi,$7486.97,45465,21840,43614,68915,99109,6006,20891,2279,66355,43665
rmbAaLXCMFpVGbjKfnidEDHwosvhnlhEW,$83051.75,85417,68023,68774,95149,61002,65134,73364,66870,21398,96298
HXFlgBYXXFlINPGwveQYeyHtdwjpVEqddvNjW,$18997.88,24438,61088,54394,22051,87582,89369,81465,8427,56230,14343
ayAdbvqJRCqnUiQaQ,$50658.72,44922,67016,71981,1153,81259,1428,45442,58082,19572,20136
MdveGMrbUHblICfxxAekeVQnHHWSYJE,$49523.88,45928,13305,27135,57263,65077,8298,62213,29260,69021,39674
XUVyaFdvwPe,$41359.77,18570,41039,62828,12358,64954,94558,87208,27168,23818,56229
PnrllrQoNMfrqR,$24221.88,62065,4836,27430,91545,17094,92284,86103,4302,86104,76573
nFzfQKwIaJUEAmwoflcLjrUKSnHrExDRdC,$37116.93,8655,80392,36785,22701,86506,16688,4917,30724,87770,99474
AjMUtFjAwnXzfABCvPVWcyUTCEiVThQuPdqII,$89419.95,51280,3685,79282,20792,89570,15768,13832,89246,89769,78608
NwRPAaLuHCPWFFGOeqTPxXggEaJbN,$1408.99,85089,46892,34884,25319,35866,54464,63375,51668,78423,48372
