jMUvVfFdvxl,$81418.36,69532,8676,82180,86784,63071,32948,97630,29156,27852,39271
sXUbfJkrffMklPfIbJxhjjMNfGkdenGV,$38593.92,47540,29893,88543,1627,79523,8929,39355,27631,48744,40851
MoftxNhKSNVWrIdnueKKNSs,$20451.90,81333,50085,21039,8988,99515,5932,37050,43250,6438,61426
kwEEappNHirnVUrU,$95652.86,76591,12127,78724,76106,17959,82426,86009,90949,10604,28355
JSsJIIxqQpEm,$96732.19,79183,74552,56809,91211,20028,99568,9170,69106,85577,66772
lfeEWNnFKDVaHIKDqYce,$81853.92,88643,97829,37783,64465,66935,23360,31237,13297,3944,50743
OhAcmmgILnrwQHVtLlMqLUtzjsEtDNGs,$60101.84,43942,39776,14939,39576,92079,29953,65364,76364,46154,9500
aILQugJtqdXjGMPyhxtoruex,$80197.82,75763,21127,31706,93383,83652,44436,74618,76139,97166,17181
eREKETJlsdajXeGhqFvPcI,$23859.95,58998,28763,65089,39007,14278,29788,2469,11336,17993,11957
YlhijmpPcuKRxt,$84138.66,14850,92708,18459,29028,89148,20828,40264,73793,99337,98258
GqWqcLgegrvdKEILVuAvhwJLEwMurUH,$65719.80,42513,59797,22231,73970,14465,34219,76602,61002,53961,40688
CIjjfSUKPHEhdmForuChp,$61927.88,33236,44347,73585,73825,5688,33376,6218,79968,46993,89577
TgDbKkewQSNKvvaoYcUdatPheEyz,$78129.85,14945,79969,55101,44867,30841,42031,15969,30870,60049,49953
cPqcEOeYsEsHlwmjvOdimdXJNylvOGqQVgTAU,$60427.51,99816,58896,11346,24502,44658,816,26230,55713,28262,61331
iePRSodNeJDuGJoGeMGRoxLcL,$78704.91,66336,67047,66726,42736,22364,24593,31699,63618,18891,97243
BNQHWgocsutgsfIeX,$97191.55,36584,45778,54056,79220,34795,45301,10920,98313,64093,74815
sJXaGDNIvIBCbHKEfSftBSdolCYVtvdl,$18174.00,95171,20311,48681,89737,81773,89712,4019,66268,87394,16848
jhsciKfVWhV,$38613.96,624,91192,36742,93396,54849,98565,13708,3530,88302,62133
IKAWxJDPlLAQIWXEqYUMJql,$92777.59,69435,29230,17074,29330,88103,45376,76519,30577,14091,66695
ARqBIyXhCogxbPNLVkAWjubfWOCwAjbAb,$92044.52,97716,21915,88272,73563,86536,63260,54875,65689,16155,78448
mcgVwhbTwdPwmQwNHYXwYO,$3244.99,99911,31246,4689,19395,84161,15582,54833,82276,79046,25226
GgNculRLYEODNgpVTXCxUwlTTXwWsQHYWUArhS,$75612.67,20403,80837,29753,39930,65706,79894,92464,76614,63450,42996
laXHwPXDpvzP,$85509.71,5760,39095,65567,2503,95700,52622,83240,92105,92452,48946
FLFLLQlJYhAwlpRKffqoU,$56128.73,38509,27435,16967,97613,43033,22371,49282,1998,24472,10599
YJmxQmTcBMmgrCTmeNOzywnFA,$52190.99,35639,22217,4749,95066,38275,65197,13477,87756,99839,97269
rzhXQJRCoFrn,$6064.97,9373,68186,8550,41222,81564,62958,41062,78833,1791,63547
QICabfogVCKjCTWs,$58573.77,76666,31705,13568,22251,148,77016,22437,68765,49753,70844
RsPYoRjWUdunYWRqWdDaqEWOqfArvNSNhJmUbvS,$9361.96,64698,78740,8486,20468,403,69967,60148,7428,66327,54177
mJYpgeByToEofBPPSujVGMbWoceUiOB,$46543.75,86901,88616,15494,51067,41432,32741,61372,66860,96574,13888
dWDQXafaDA,$48480.73,84131,64902,21602,25745,10375,62662,12647,65644,78056,30366
BmtvnrXluoIUTjXurr,$25411.93,15236,84475,67444,44550,63774,99740,89258,94040,73468,66707
SzAJXlDmUygexaUovPUs,$62960.73,51020,76352,94897,40278,37144,68366,73638,56226,15827,14368
EGSiTNharebnRwCmpyj,$1280.00,6104,3695,49880,15082,44780,73817,90897,97495,92025,2114
tMyCSYPWyvGy,$24508.93,83812,32293,70046,28592,72762,60943,92739,64787,62957,61721
UfunDklcFrBPrAlJxOIEAJuqLDRjlWb,$5162.99,36006,55075,40429,38966,90609,72501,21530,92238,86880,84211
mAOGRbJjkUglaigtnLwUW,$36164.93,22276,64293,85272,52982,23561,14334,58774,71727,43629,32392
RqQryxKmjHGgYlDDXmDs,$77737.70,73875,47485,43275,45603,91015,42319,52685,27231,77833,7827
FqBRzIYfHkiKiuobPW,$40027.81,66870,41486,68473,74597,87784,49620,17836,81476,8570,38148
WoXhVIPrXqGuObT,$55842.50,42416,81618,87499,30201,97890,71987,78329,6461,10135,17577
mHFjPUaNKGIYhcyKSoGHUCOhfEagDJDPQ,$44298.61,22995,41711,78513,94225,55415,75510,44934,70049,52404,75196
FvAKzBQdKU,$54797.88,48886,86960,13608,19658,76608,55219,64823,70833,77286,7085
tHSnoNOYoPqQAlkCNCmUtrqoYxVnraakIsWWGLv,$7275.00,89562,25219,84609,657,32992,40292,46582,41479,12270,56939
vMwTedLmyrTRTocViwhTOonsrawgY,$36942.89,1503,38484,23247,46538,85764,73694,4787,45580,75811,76668
KhVGNpvcCnSdKzcORWfgKzylgoCgVntGTOoHe,$6090.98,72449,47678,47053,28629,90411,15984,70658,48279,34242,99129
AeLXjQkQcSlGiazKVXwAcFHQvprHPbSQFFOowa,$45101.67,31682,69505,76580,9187,15826,91571,61179,33459,95733,85620
VviKMpAOirTnhikGNjyFoyWujJxpXdc,$16026.98,33954,76200,88178,90724,94513,1987,28294,75302,7398,14300
waCreEwnuKVPociLRKgWlEDEbudJJGsFHUXlYu,$31307.97,45579,45221,6520,63030,99027,53109,82162,10212,96177,30314
pOSqIWasDsXKMvVmQvGwpqPmIUbmgMAwb,$69829.91,45909,67318,8493,89661,61591,95339,44283,10442,51621,66615
LbXXKsawzMxvorHXiUABAAgSviX,$57320.72,61395,63145,14766,492,81376,15571,10134,13312,59721,53252
ObogjnNDnOeNVWjDuQGdHwnVkhcXyIx,$47550.96,62681,66244,51556,73779,32203,48203,52879,60807,81147,61472
