fUbLKADWQGTDr,$51180.64,78300,45484,20348,51155,83438,39706,76261,58958,99711,98570
yppUgVPjNryXkxpfxqMLyyvVSOJR,$47804.79,12611,20815,41443,91414,19102,48463,22411,74001,5031,175
ryhfkfdfbvtLnvkR,$45686.78,43294,37992,68575,84637,29406,54329,99752,18469,94983,71436
TkYAOJFRoGnIsBeDSbcDSwevUg,$69554.54,88929,86404,16985,47240,43899,97948,27153,67523,38185,65920
ejbHmtipWblAxGHYCrSavWxzQDJDYAdCjDKwWS,$84226.41,23159,13310,63084,55158,7421,10217,20033,66062,15870,7242
COxGXAfXdihGSddlN,$53683.88,67699,66495,99689,44568,53181,65751,60339,60323,43611,98648
YFMzLKcTsimUlxjhetybFQpxd,$25448.88,17744,97275,4793,18139,72290,73325,3060,3675,43503,62030
fFoonsHlTMcjJFtekGYDRYKDKdPpml,$88525.89,79649,85443,36797,74390,12958,92754,546,21214,86398,23668
GPMkiLvLVyblkmrCDLHhyUWFuNvDKf,$71121.62,75282,46216,48075,43819,84078,81827,58620,53322,41702,11852
zONXjkeDXziiezYzEzBTwqg,$59140.68,40426,46398,91365,36948,17410,62770,42370,19216,67777,43246
LpTPOwKKMQBsSVaIYoXPpLq,$66157.73,82657,85722,86129,25903,61106,63068,10084,34643,79537,44806
TOQKPjeMkMlXLboWrOYMYS,$59622.85,79956,26786,82320,59494,38244,32915,5066,43594,21182,13959
VFKFsVDDwRAnhaaFSueaGs,$68694.91,51212,93417,11522,72295,74028,57306,92026,39724,97077,46661
xBXTTXhbXigqckqiDGmo,$68589.85,3585,47884,25285,67314,94445,79505,30017,93559,66816,81566
SayQHEijOXrRedhvjoHlNnooplntffrXEPPmux,$21576.98,14538,82339,34068,95356,57010,65517,79759,46218,22252,98128
lLzPrrOVhEjcBeLWrMWivs,$79724.91,58554,10712,20334,83598,57128,93971,78351,66745,91402,31024
PnjROodlfqIMLbUDWOFjh,$22229.95,48698,6716,86432,6852,4392,60464,13971,57046,25628,83987
wmACCjONKKQhYwqgCrrWjWUKluBmDJBaVCcX,$81589.81,29910,11768,10718,6062,76207,31999,60128,36654,41256,9312
UvTFhOGtsqvRnXUljm,$67943.98,68649,76435,11526,67300,3315,14832,8557,79179,98172,74321
spXhvQYLmryJmktyHYmGiBflWFaseJj,$87823.55,17819,86241,29637,11536,42074,47040,91830,32004,88817,6526
wmrDusIgpOghSQq,$78117.77,73718,54364,51939,87410,12946,83843,76228,86025,46340,63720
UkvnTBciHJbyzroxLXSjoycjybTMEB,$35483.78,90596,83337,63308,80468,48302,60476,27312,57348,572,50673
LcAkCvxhwlGHUSnFgAxEOOcuuWlxklpv,$26725.98,95323,4002,17375,19382,4018,71011,91831,32567,68577,96841
nCdLGrAimvfx,$13573.92,19092,84463,76408,18311,53041,73249,26526,10844,79665,36510
PcpXoKCmDQvLArK,$89258.29,2703,99618,43426,79011,17930,63119,19012,44356,73864,65330
vgmKEBvGNzyjlYawpeqyQCopTsvt,$95468.55,96067,34344,8412,39980,68436,55864,4696,92479,93837,44476
nBojQRAPICDxwVspwESsWIytAbVfdytQzhaPYA,$18136.93,31737,46937,1127,8535,20026,34433,66392,17453,30558,25346
qQTnvwlonKUoaTogAROEQTcFUCmobCGr,$38571.82,14501,27347,30741,72868,75823,8461,10080,10026,73079,29941
hTfVXwqzcldoAerGUkGAYdP,$87678.94,15718,99763,96350,12311,12049,16465,95945,48322,97870,78530
klCwNRWrjdn,$37253.80,37093,17156,26978,60364,99426,26741,23466,11737,5442,6583
seOtozwKoohFWkspTgHhJcidx,$81534.96,57158,70522,27688,10823,41628,47205,71461,438,60962,62285
RekXATqQOWXVGAD,$79924.70,18001,14630,64476,55176,8970,41951,96704,22827,80065,97042
RTDwDBWxSnLPmhwmKFkJ,$8298.00,85258,65493,30993,8086,45558,94688,58428,54560,90228,27596
qWKnpxafjGbvRGGbldQnBoqhMjyeVTQmQbYgzyK,$88602.96,95004,88841,50148,27027,80860,51576,68586,63016,53944,62155
GxQPvuLpmxFMWLmvVvbhAyzlWCzMtOqALGPicc,$47376.74,56376,94809,38956,11308,30445,49241,57730,55371,87259,65908
RTOutBoHrouYeCbgzOg,$99621.50,18822,76655,8278,67963,1137,30302,55222,33697,66093,30649
TjhVWPnlkmqmMVLBBPreIT,$76244.52,36588,74672,77457,67137,76035,40721,12856,15605,58699,635
tRTgHgSdsUFimJqFhdKS,$43893.75,57239,54367,92740,23749,65537,95359,93401,39963,95040,85264
xlIfWsUdYXNrJYavxsPRrqwjiUhizxKWJt,$66425.84,68714,14407,74693,14016,181,72314,50385,26930,21488,85294
mlgITodAVDYGaizCoKYy,$25411.81,80405,36523,84070,89805,87456,53263,6306,71163,50323,89374
gkquvPsQjoNhhMeTfRtJlAjSLIxahH,$89204.84,38702,46580,34491,78186,57140,24981,95476,38254,46186,74205
PjhISsjBLvkIUQqJeHpLv,$45166.86,61146,56872,1282,99300,69711,42139,16053,89361,41863,49249
Wodyzyjiua,$43745.95,77609,48905,99997,9600,21363,61143,66372,22545,27195,2835
EiOaclNFjMesUXSs,$31628.80,26086,44384,1089,2338,65647,28884,35362,54844,55980,38098
JxQjacxFKkj,$51217.52,97914,95423,76270,98906,21509,87307,99896,23747,52954,28780
OvcrfaiOaJmFuVOxBwTAgnWlTTnPR,$51392.82,99721,94388,9463,16914,21746,95728,58895,43803,38961,30960
icAGDwaDDNBOhvBXMFb,$87293.49,58432,91435,85768,54160,50330,29571,59773,81191,9931,70747
dWpzwTdkUrRPSpdYqvewLOI,$68635.68,81940,46108,9729,52687,28661,96414,18602,89576,49660,43917
JiRAaITOLSfGwbsLKyElLHOq,$85747.76,26497,15588,6723,46904,38930,61920,2217,9669,95725,17996
kjxOQtQIEbGjmsQAinvYNVNLGjBrFawpjtfamVj,$3691.98,75217,37740,241,84993,98735,73853,12765,80521,94708,68064
