RbthTUYyuYJWfBCOKrEd,$30691.77,93475,56767,98458,40154,11327,37885,66429,75258,26378,5781
CkFCTcHUFVGwAJWDTklLwBPNYMEORqauA,$88158.84,82421,42021,62177,45751,46857,81825,20483,1947,76059,96347
QOloqbBpOgEGw,$57297.62,95777,34935,48247,78198,43608,10424,90602,90365,92149,11085
vHhLwszmTbCIihOElpcvnt,$89945.40,57438,76183,84912,16339,87168,43876,17951,61252,21174,35674
jOldQNlYuadGPfBdyPSXi,$27567.97,2502,31554,8241,90228,67128,12092,83817,3666,22845,53732
HyMdYPjOVkrTalSIVsYDcRMCAVMXqaLXX,$59141.95,39456,52743,93336,92277,4319,44544,57613,29067,79290,96562
kpBnRTbuuwhRMGDkfcLBPUnApQEKE,$6385.99,34453,68603,93101,60779,79799,79095,89254,53643,76148,65896
xPDKPSbudfvQungWvOayRYJMKAKGwKpTas,$69931.81,40901,59981,94323,33413,62110,2981,51156,41225,62139,81542
NrbWDLxosTyhnXYRNKyYzJfEpyp,$26250.92,27311,73293,69950,79443,7384,91700,54236,37341,66604,29212
pqgOaKSpIiGUWavCurLA,$41593.78,37545,97600,58036,74787,64204,87149,61627,59091,10761,7070
IuhxdpfxMESpaKBa,$64486.98,67856,53996,81271,96135,13087,58684,69857,69395,13991,41848
zwVeTIInxiXYjTJHnXL,$23732.94,19427,65017,53239,54688,30360,19255,55004,35871,96110,23969
SrnmbVaYHFi,$74209.56,82244,38871,54404,50374,90791,73731,82044,44030,28419,12404
wHnpmFgzshUsFcXNHuuxazXqvnp,$20752.90,99347,25128,2537,39409,30543,29479,13815,21033,34085,46590
haTBxtAUJVjyAYaXlIhMdWTWfIMfcfeJExlcQ,$80154.68,26181,34631,22246,99734,24164,37241,76333,39997,3670,63228
LXIqgUVHzarexdGopepwKPFqOmGxbKHMIqCoL,$15639.00,86658,53786,26157,57994,83294,96229,22163,14186,88548,19314
uGBvrjHzAKNmI,$18258.93,8713,49536,82046,1522,7530,32093,97651,96245,46179,52951
GwzirQRaQskEeSoAALN,$41000.66,98079,40155,12260,95731,3152,58340,15434,18612,40214,19797
VcFNBVFLBjEpJFBxJAubsYgevMrKaczvDFjfBo,$38006.96,62769,15249,33616,56903,74831,77565,50414,14681,53098,50732
queIEDkEaNkISlXjOveGd,$63800.77,29780,64782,28811,44361,17881,79444,10952,42143,33547,87693
gAqKaeuIwGGFUCkB,$90060.57,37191,86226,18800,81453,4107,98144,59057,12903,98343,13503
MtYXSCsBayIfSlOuqDVFisDMVjjxpcgcUfzNhsP,$38403.68,21490,13205,65410,63586,64052,38814,87135,85658,77014,69741
gmSIGxivEAKMRIYcRAgqghVTaeuPVECBqvkWSt,$95066.53,13137,94539,87007,91048,86202,67981,15150,94251,97340,49859
apkbSeQOiSrXo,$43724.69,30374,62340,65146,43412,23632,52153,34460,9834,20135,16263
EWvEmfFfIVuROlPCmljhznUpbSP,$53581.52,31555,60804,90488,2060,98920,99126,44619,75199,55007,71572
SiyeQFdeaREtIcxcEGtBuUenCOd,$98712.70,66036,75573,21828,36596,88676,69392,58210,96633,87687,83030
RmUVsNxMIbALqDpiLGsBVgjQXuLI,$12200.93,82208,81002,7540,34152,3018,13209,2709,94341,72307,82145
lzteDhBWdkxQuSloFEbEfYEhYQfYjmT,$21226.99,42143,98308,69005,64079,89198,55109,96423,99102,49659,5196
hEtLJSPrRGwQqilKtyjitktQTdgyEgQLKlXT,$48053.95,73157,58208,71026,28727,67822,89383,19287,17705,10861,37913
oKhInnGRty,$40270.76,38716,67472,24708,78526,25680,95634,7253,60154,51769,26441
TfHIpOQcCxTVVxAEXyRnHbwyWQfrgt,$32501.72,28976,75669,87272,61601,33866,24720,8711,52762,4212,18105
DxFBqTIrPHNHMEnFMnDCVrHUINsSrlAuIFvyY,$6612.99,60374,31462,89247,88571,4684,71780,27515,72635,84841,40650
bGgqVstSrCdvXBEvwEBmMUu,$26413.87,55679,40782,58398,66834,70059,40318,34659,89405,94325,31837
CcSYaTdwqhxctswG,$138.00,11409,98684,9387,94933,75648,35155,2034,20449,94480,72442
HXxdrMndTjNRjYaLbenKSuNDMjlNdvVk,$2374.99,79688,36018,73508,5356,28652,74184,80967,11111,27605,11351
SlpnYsaienKzJUsdicJjOJSqBLRursQk,$30306.98,6133,39289,23924,36211,89862,40504,85453,32622,25725,80334
hjKQcAsORmglCQpiNsgKeHVBjpTBM,$53056.79,50472,41837,17839,72545,30196,84795,2304,67025,55025,83741
AzEsFqxoLyWAsyNmvhPCrVKTPliqwzHWanpF,$87662.38,86746,29596,70691,30759,10466,74363,82518,33944,28507,42867
UrjCHFdPcCC,$94825.87,98390,77287,99711,35834,74698,76830,10197,23968,10774,5356
CRELTLQwBSYeJHjn,$76885.38,11569,3179,67528,14055,44529,44358,24152,68397,21784,96060
FhgQbshyTzWyIEHWnlzoxTvuV,$50313.94,74502,84575,2185,98276,77548,33725,35831,45554,19905,79869
YUdnRWimSczdyCOAmgSXQRGUqnWxzgcy,$99500.74,92087,80536,39326,80401,34093,10325,42159,66010,33044,73323
TuTmRkDzETMBQLhSJIyudBnIwiNvBViUQBGI,$11971.93,56929,766,17089,47705,8769,3594,39227,26996,65407,96659
dnDtPldBvk,$5195.99,65045,55823,92975,88627,23241,76716,3084,31910,80211,42211
dxCFLgaBQCCnMUMsfheNpgfKSitFD,$67563.77,45923,60338,1186,94203,72948,79934,71401,98677,82648,66932
uXSzfWMuCSFvbYbekzktavoHhKguJrve,$23133.87,61923,52944,29877,28937,88286,16066,50740,5734,52239,7643
kWwkSLraVxuFOqjD,$97528.83,55739,49940,346,85516,45529,88532,1582,62922,60919,53722
bffWOxIhxferKThuW,$652.00,75753,21917,76558,86134,14819,18205,91922,9578,7935,36051
XlArKAyLHGEVwACYQPgPtjLU,$38422.77,17303,42854,37301,38767,36418,13642,34075,50356,9125,98194
pmeUHAUJalzgBsOnMOdFDMogs,$46552.93,41289,37268,58246,24102,59970,29138,62858,99963,2056,14626
