xgdBdIahsBXxGDPiXCuzhFpLWv,$8963.93,86621,61036,36708,82824,92579,3703,12982,48064,93295,19533
ViDXDdgjRRFMksFyWwseOOUHsDbUJbafjdeMgk,$79550.52,50200,87705,93269,91513,95312,96139,71139,43537,20839,93778
sqiKTjfdkfjTiM,$5719.99,87023,94855,25926,45288,90167,88717,16427,33704,9557,10206
qbiAvRGXBlhvTtChPES,$43244.90,14297,12215,96128,47901,88324,72986,26542,4413,69622,67691
BxmAYxhvQBxYQBRfJFdoEujBkozOvfUwCh,$86580.55,42971,58673,90843,95925,36530,24713,47241,28472,87658,96029
rDtVycyirxWmcsiEYFFejCboVv,$89170.77,76151,84107,43024,1906,56443,10627,71409,73826,88089,56661
WkiCOrEPfBKpSsbospeNdv,$11223.92,72073,39624,74215,95386,58116,85129,36883,16201,43698,8810
vqHwbWOuxdmMGaPcHOgFffVH,$72164.99,80044,59522,87495,69940,34671,56158,12020,17278,64065,64961
fUIriprxRyLxDRdzYkIsC,$82582.80,48782,65733,65567,27050,83064,43404,34249,8762,79043,3056
pwjMbbpazzJRBsEyvcwPKRPYj,$19753.88,98841,39002,1776,74305,87653,19408,45510,23533,78559,43151
NKGpClNxMkNWCDWLBCuygajFoHhDVHsJ,$68399.73,46118,7587,68532,80966,23568,80408,79957,34533,47735,53148
gJxgseubKxWspGkNfEWswSqClPlBBwthFrn,$38643.91,84473,49828,63839,65102,4580,22814,15038,77493,45779,61136
DAIVQKigWJit,$36741.76,52956,65917,66567,57436,55383,48257,1681,1163,9393,28585
DVQTGybdHIxJXWebVSLtNANgIJhy,$4465.98,96364,57980,59374,63290,3089,73485,9191,32364,2025,80627
xFamYVLRpomDkQmTxGKmLGaDWhmCwf,$17167.99,58337,65141,73610,98574,90786,53451,98732,7551,5529,73595
WCNaAULdRQFMBjSLiLMwSboJgsvHDr,$31434.99,14189,98106,21594,57917,64453,42886,48138,66805,14383,80853
ouncQgdgqIyLqBD,$90886.83,76590,15786,93118,64836,40355,57571,74374,88393,91028,88658
IEBVGSCjYSRWeHXhTyfPyxPJNNViS,$34868.00,55497,87417,63700,60640,22798,76843,5230,43505,46697,14187
ceBaIQyGHHuUECNPrPhinFrM,$95863.97,158,2511,55353,26212,24448,8233,5400,96505,34807,99129
uTnoOrrdiISOQFTIsGiWtlxMrC,$34466.86,99996,75974,23290,42591,36481,47674,29718,48279,25405,29878
FYXXfFuyRRLITtGJ,$20281.90,94627,84220,37767,31108,31894,34137,46039,57199,30667,88038
ATtGaNErfPaakhJyqDdQVmydCVJSyFOyYifYVkq,$72385.64,2839,20346,87363,9605,74453,1931,33840,66326,80812,56620
xvYdJWcSCBoMRPmIrwgCFvQQABPEpREMMdpwbrO,$65683.65,76569,73364,78644,44482,76302,7969,81786,66238,57805,28696
FKauCFhOIVmjNAMGECrYFLkeLXi,$97709.95,94829,36548,6123,89475,45409,52695,40478,25987,73192,63205
RaTtnbXPswUDGaOeivhlxp,$60618.90,66895,31499,45018,42980,27710,67655,34059,39768,65554,46899
wqoelUpJkoJCF,$17184.96,62512,13165,66917,93912,24835,9897,88274,92390,10608,94694
TwskLVvgKEraNTfFyiUMAiEcGaKFtxCntuWE,$46021.99,19161,60437,2273,99238,27974,83503,41762,88023,59802,76435
psKryLCfEzhrSBoyRFJuCmvoiceCPPkEiuWH,$14643.98,93418,9622,53189,98633,89659,46425,69839,64422,23165,82708
uGFYoavvGuHQsASkVHYId,$80837.94,26514,6302,98643,49580,88910,92504,9344,60922,30750,37468
dLUJFdbyDtIYbhhEEwgNOtPKXNbiQqHtBDDHgE,$83005.41,89011,71096,2906,67219,41658,77590,48542,46440,78788,36068
nAroIHerAGueoAITJgiSFdkiDXRrauUnUmb,$6535.96,6790,95912,58168,16448,83327,90370,97133,86107,13655,57157
bAMizGHYuDKCKyNlqthtoBVWeReuocE,$82132.89,12199,32066,30725,71885,73043,24337,70388,88748,8636,53400
jDaCKTQLPnpHQkvtOJVhHXfM,$98500.27,93903,33838,18124,97427,69094,57165,26275,25665,57434,51997
NEjenaNitCSPJanpmMnhXF,$23105.97,85123,16515,50988,18141,22192,63659,10840,64736,833,22600
vVagvovHbiOYNIrvUFiHiQjqHOlYHpKeKKJhy,$56548.91,27330,78559,63936,17771,76632,94174,47834,44200,43039,94313
udNFBvuLYgxIMvnbvaEtbRIxyDBNHWMcaAhbv,$35337.94,27881,86272,85973,21972,62836,82482,8611,72877,6322,40461
PrIRFqORRosYpnBdiJNmeUD,$15440.97,12279,14865,75951,61122,63173,79582,95896,89323,276,46164
XakooMrVVFibaLBvHdnvx,$91542.79,2761,12736,66971,48825,15897,67690,71974,41324,78751,93604
HSknBKnnmjuOwP,$60260.95,88242,21096,25540,57655,484,92411,6481,82933,26853,45107
GidOAMccxPqjYKXUb,$63479.77,69351,97444,34336,62857,9303,25245,68361,14666,67737,56678
FzyCOoLnYJizS,$9364.96,79154,65359,35060,60472,99749,91639,42055,52324,69222,40397
tmQGLboKTVAQuNngMk,$49261.91,8618,92406,19108,44492,32803,16026,60366,65586,52084,84285
qUFKqgBKupqGYjUTersw,$68501.92,95410,88784,64503,7430,46451,46340,5338,90884,95781,80034
BzvRgvAApERhblYrlNglL,$67662.81,55512,66090,95977,92543,33591,95432,50044,34117,96280,71830
oXjGEJRDcDQioCSGGYYkk,$52534.90,69476,47552,24169,65756,86034,93412,79442,766,99560,10669
UAFwDweRzXXFWXPihikBHAzuzB,$34355.89,67707,80950,70152,49493,15057,72716,16203,2573,70650,32365
TjCctDjTeDSFYOQdmxhozonGNlll,$99908.63,43468,11276,67842,48844,83923,83857,86902,71988,18396,43934
VsMaEkGTjvGqjSBTiOaQmIBduvnlsrg,$26099.81,84031,65064,30061,71387,90945,86477,74558,8274,99622,40754
gBiIVdVGvNNJ,$50336.71,31642,72367,9570,96201,56398,41286,26262,94437,32231,12739
IwVpcWWKSaHavvnfttDgCWBXh,$30393.94,73247,88921,55519,70299,96230,5861,88011,82952,41333,96136
