BxRWcpNjmUqSu,$92613.45,87662,2620,72322,62323,12052,2661,8238,33048,99049,50271
GuCswaJSczgKLbA,$73340.73,83361,44896,61721,12436,56848,64282,87226,56549,30083,37497
LySDUtnnvMTGzUheqgQDvqBOEb,$48553.89,91116,62527,47719,72487,31866,97479,76828,87905,14900,29281
xLaNOwEqKjQGRwG,$41893.77,61835,40937,40322,76636,70118,44579,22321,71684,94137,74316
ESrpcHvtDdJriryGKMlkvpWXpfyAMM,$45767.85,28606,70680,11671,35140,69167,33150,88654,23146,21186,76022
sTlfEvBttY,$92908.73,61168,45418,99705,21839,15343,48011,70690,43849,85343,82261
uFNdabDtuOX,$92355.81,10796,74717,38295,10502,96456,20290,58413,67147,64039,10509
dlDQpeRSxLhvkQvCuuDU,$26789.95,78551,32247,63960,12450,62939,74369,95163,39272,6040,93287
LlyeikleudzwxtARkOyIxRd,$63440.90,10906,68759,59799,59379,30074,97155,29996,54977,87395,3122
EqkAnDbfoPewNVzQAn,$73102.86,19991,77317,33789,7386,80339,34149,34135,25846,49256,27414
qOReEvAsQzjrMgMlrkgAiCrqmucLHP,$59847.84,89860,71740,21248,98502,88664,7741,78345,25378,4716,38267
bISHIckbRWvUICKiaOYcXlFaOILKXdtz,$35994.75,59247,99964,67168,81299,72729,22447,25256,62597,93522,40330
FSaEUxpayfiJpGMIgXunR,$49392.81,72791,40915,67230,9576,1303,14180,75923,18761,39052,37287
sFIYRQfPmRiUWVJpzzfVaAlAaVXOGUjy,$72168.95,29917,91386,61379,77106,10838,22636,40978,75103,97104,43781
XmHXmTXmPVAVQjuRBskkws,$55249.78,87315,22694,89233,31096,65636,70217,10133,20421,74524,98489
lAYhbuylOP,$64161.60,41021,44505,68806,21860,69882,56121,44455,59115,53869,76743
XSPmBbMAHnuFXk,$21430.96,5373,30307,81711,41907,53080,92818,67674,6949,36314,63658
hEaJFmJNzftyOPiGkOBxvsMwnWjeLYRtD,$2822.99,76297,79354,21152,90815,84582,91590,10777,7586,67638,17693
uOiQahgdKmKWwEHkPI,$80488.80,57875,76072,97183,9209,67662,74612,83347,2052,58957,39916
lDvlLBNVnySJCattIscaPQqkaVxkrSNcVjMh,$30291.79,39370,88727,97658,77293,17437,10256,40713,75147,19577,16057
FJpvTOrrYiJNKgwxMHYqgYMNBIpxNIutsJoM,$49106.69,26608,7405,99562,65652,72171,5623,16123,78499,17606,55221
JVSzSginABxONwUruIfGhYPCggXdcRMLNflgl,$29426.97,71777,76723,378,40993,11574,76868,78168,32830,62438,41951
eMlklOLCByrgjWrdrD,$8949.97,48444,26589,96995,81174,55679,5698,42564,3250,43636,4687
JtwnuUeADbRHSUFcYNaXVgAkbmdbLHLvAHi,$40266.00,70768,94053,31189,11597,57511,95447,34018,14210,23553,4365
SppExAAxiiSkUMQizDoixVPeeUhQB,$60175.89,65010,7170,12101,66237,39195,17323,30803,15843,4537,41081
ekFLjkzrhU,$71036.84,58743,77482,82263,6677,9486,59968,38339,16556,71970,71228
ygtHDIlnOWVYVNFRuRqVLGAyDyuUxWJW,$46655.00,3322,71675,3423,41187,53733,46884,53075,16020,53472,3891
xxruIYuhCSbxQXHnAkrhVHawUp,$36373.85,7751,29154,26249,44086,69756,17311,38460,36215,57019,30698
WoUNLCbLmSSIAtEUIAYBBeRzbcgvGSS,$92536.73,2910,94498,71231,94729,56121,9279,62942,84817,14980,81940
YPGArKRqlTVhaOaevnvNdNrEzOpLfESEuzElKx,$60993.91,56003,1361,8667,76126,4017,28147,57970,70939,17189,1064
xDAmpfQIJlHp,$2451.00,53427,17222,59348,61995,60000,63265,56794,84622,34204,73884
QxoQJeWaMglTUhmhealXPFDiVPq,$37468.81,678,87136,68581,86101,52237,40683,21608,26818,54259,94918
yisXtqoztVvImxeClpPnS,$45241.73,62782,39482,72225,56252,60393,33895,2383,45041,99933,57710
cmibFfwortRueiJrAWktgvRxTRBqzY,$30241.88,75767,65546,87958,59814,59470,67522,75907,70763,76520,64887
toIVejuokfHNwFLCveAEbgXpLonLLHCEv,$22231.99,31914,85305,97961,75962,9745,38416,21035,9993,82938,75777
eFqPFPkAeqabiVdMvAV,$98903.98,37765,36641,23314,42833,57577,99859,92423,33354,41638,7668
AlervEvleVT,$60014.81,45377,6954,93668,85081,882,7337,89498,37423,97203,32331
DRqomoPWsG,$63367.68,71946,44470,20275,4104,56499,27130,64424,41580,27912,38413
dcabFRruEfJByPTUryVp,$78708.94,16929,51588,98525,25162,46152,36938,22892,78039,72455,19606
gudAYjJbhzUBRtxGPuTQNdYslXuxyxjESnFrw,$82769.55,47514,30407,15993,46882,91174,22733,6679,9848,63574,83206
MCxkXUIUeonQTFnIxqyKVFRYuoVCBhNpJ,$91937.81,30281,24527,20167,86702,39782,25556,35733,18702,77434,92754
TEXeaDVYxKvam,$10586.94,57148,84469,38743,49902,94672,55508,30536,70299,50953,46463
diSNDtzfHBQgCklLGarTPmCtg,$87110.96,30951,30567,92602,71824,41786,59017,20024,73268,46844,22885
MCRTEdfPjFGdUSFoYkQWVcqJvDlrImSwOKqSN,$7538.99,14796,50771,98308,81651,72880,41317,23640,87255,37654,5549
ThDiRtbgojDpXDkFk,$30224.95,31385,79149,77058,85292,16803,82507,67171,73479,66996,76375
hkTnYCqoaTXfEsrFmGSjqDcX,$66346.48,65932,5165,2273,2126,16459,10444,96946,25901,50657,44650
dYCHQtMdbFmQjOofYAlxDKDqEvDBEDyhcAOSUBw,$82022.94,34208,29371,86937,98147,82453,25848,18494,93636,99735,37921
xUwsXxWcVeDVsWQt,$65758.86,78133,9049,85161,31823,73848,67614,57571,92242,28002,24058
JMyFFWdCYyhcvYYLtsyTuwlTvxpUqFYzRWg,$2895.98,22843,88588,49746,66080,68819,32480,66624,12617,19753,67178
WLPFmjNSEQayGyLtRSDUuiVLiLhgCvBYisfTbsN,$34798.90,96671,5735,58278,22606,77034,2033,49041,76752,35184,30817
