cKsLgtgiNcmfnKGkcVNhgrKmeDjnlSVndoyJ,$72964.33,20762,17029,1492,53359,21318,5416,83005,6818,68221,76027
XHjJTMneAXwwKakIJrMbLsfmlvspm,$30191.90,17195,49759,16061,25819,80758,3100,73407,29248,85677,75593
PVjyFaKhLdLXohQeulkfnAak,$82966.85,22888,33562,76285,68686,1065,85966,49420,50316,91714,98555
YncXbkoEezPjMPIxS,$8016.98,81206,1789,40935,18832,71976,98505,14326,44634,45715,43283
TPUVsYiLBHGdimrNUFI,$92618.38,22610,5763,69866,87768,19989,81152,33483,29924,8133,94895
WKOVtaWbhzjtRwNWEADxOIt,$78159.45,57068,2698,59088,93501,72421,47363,83534,63961,92688,73206
FTipnzLBwQBaNqiHi,$8576.92,39842,12377,97508,2745,77215,29828,68147,1242,55550,6071
HUTIvLEeSMM,$83233.57,50677,98448,91382,28962,20804,97876,7992,84965,67273,85107
xYRzhaTAIpmMSfzGqvzLeyENldipfHnCG,$9307.99,40209,81728,36643,29038,57451,60653,82967,24557,13626,57701
VIUDvWKbyXFTMSEMTIsTRopBVPIIDc,$65274.73,86283,93695,99469,56170,58796,43223,39358,15474,39734,51778
laxDTqRJRnzaWCdwBNPfuHsCyfPJCVy,$81702.58,76345,43631,30546,26688,58705,49021,45500,45465,53683,24089
hpDUEiPnBsLgiUIeSWAPNrCWQGtqL,$45362.93,15371,81639,97575,66047,9111,38775,75997,81007,31968,4017
DXShRPihezK,$84690.76,41074,78872,82648,73646,64674,64671,55285,29001,30718,31048
FzIIJmHdSzsbGwaQxQIrWKWUgD,$5290.00,52065,72911,52761,50587,94182,7642,68335,89775,74700,68732
HBNXrWzMgKRzhdvwOkoGVFOfNgf,$53631.83,767,34648,83587,1335,97437,56061,97020,96033,96019,20913
IeefBSOPYkUopiTUabWtPBYdXCPHMniv,$71555.88,16450,75903,6974,74819,12416,52147,30418,99874,50204,51381
MGEDIDgGGVNtjVoaiptnEBseEkSOWCajkEMSIsz,$82706.59,78087,99568,42977,33371,99819,99737,93078,63175,63385,2583
wuwGnmDQmnAratzSsohfVEnRcd,$22213.86,73453,85737,32284,60768,75618,66939,99589,71676,1021,85021
SWcLwUekBIggVYiY,$64747.73,62393,88375,36448,61330,49143,78718,94921,48732,17147,95842
lWRMINhmYJUEpQdypgYwdlHnf,$46869.95,36455,24942,17787,98121,9621,9729,14974,18422,4281,8870
PUgpsjAzVgBvYOyMnXrXGKqABsPXKvya,$95553.83,7079,29723,99221,26707,58238,82614,31385,59683,8416,83607
lazIgkaGMRwKcrIdH,$24292.98,14377,25189,16412,96891,56474,42748,71959,40081,10617,81744
HYUSYBfqxptOYwWmNnnwJwarKaVzimpqlkIJM,$54717.92,79928,71438,3672,28543,23048,14321,38858,89614,56700,7347
yAJIbgjIsyYdiHMuvMfYhEbVbpa,$41483.97,37696,18742,37532,19311,38396,69023,64851,29520,98705,34639
OpsbjoNonuSNrTeQDUshltTlv,$72819.53,97534,7738,77859,45649,42672,88828,67801,98708,71857,57884
wgynAceeXVKIOETkRNrPNHCCrqAO,$10395.99,30336,98550,78336,18250,44420,43648,42827,88332,93942,6440
SWcaAERQgGItGWoEyjeEjCgtjWi,$88651.44,78637,86253,65598,43568,6461,48617,90412,27912,16179,51325
EVJtaICEMlhsePpMYoBXEoYwbEF,$23129.93,81023,14284,23160,11777,13052,50966,53037,59423,84899,98115
dogSeSrsTPWjOTJSYOiuGcmIPeRgaOhC,$41147.87,16490,16225,46389,51216,77469,15263,76822,95581,45573,99669
OirkOuwWkapPzDWcgKwNPImPLIYcys,$3972.99,95740,25465,27212,8963,36419,63829,52562,12187,69859,81642
zUxEEhEicIBwhUCrXelNxgCzetESKjLkejOjqSQ,$63589.72,14763,32599,73999,84921,41318,35667,57654,19595,92975,55753
suuXofGapkJDtzVl,$1826.00,16879,40289,22278,42867,73464,90908,46502,65004,89679,73860
XvzsQHhSsx,$82288.56,56557,71780,64535,71675,61757,35409,14475,78536,75598,3405
KXHyqNHpkhHbootGmfnFJiWhnmBHedjOAQMQ,$65771.94,46192,37202,64387,171,27622,27291,31676,1334,58938,21508
tysrFfdimhKwwKMjBREHGFvxvxhRmVbfu,$57942.97,57009,41629,57030,37028,95687,90295,11895,13208,87895,28981
MQmSWHqsEWJQSkWMeS,$56048.80,44327,7704,8813,40015,64651,87260,53123,52547,16241,64313
ghTdoKUTHekboGNsAbUSWHRKC,$22491.92,8228,94770,34634,99846,51913,69968,50316,55133,35937,48809
swsAoCCICt,$78487.83,97158,75256,96863,5386,36778,98149,5232,55343,34869,55448
fjSWFKxtMzBqStODarbyluJrSmuWSzuxJNvO,$35052.99,8039,83328,25775,69660,88401,25180,83422,52096,28069,77957
CTKmmdXgarFTOOhJe,$87959.48,39032,90281,99967,64113,40455,52063,92082,85064,63312,15035
vsXyqeXHjSWyzgCF,$59862.89,61684,4507,27770,2140,23222,19853,53856,86435,1540,75222
NbmEEkLOCIndppiXEFcPUmCuRsmjNpWCrjG,$79060.59,13016,6701,97864,54388,51293,79090,7228,46667,53189,84593
qhiCjcUBoepEbrVJXrerC,$31139.83,73895,95690,89981,32859,37342,71463,60516,76048,59170,43471
QJWRbsCzJgqLFILERXKpAe,$54315.78,78086,74437,1229,94399,55898,42502,71367,9312,95052,28463
yWLeFWIWUSMU,$18949.90,8422,91667,20265,46441,979,81969,74805,78374,74206,88317
cGHkdcePwBGCeRlqlrCefN,$31426.81,88938,8341,31150,59017,14201,84697,48030,11004,20018,97316
KGHCrxoIaRnnDnBP,$52917.81,76975,28471,26555,28424,43154,4212,48342,40470,98298,16156
AKYXYHyQuLTH,$6354.99,86018,24919,71784,51069,40976,93326,12689,87584,15833,68000
RUamgTuueSVqNjrnMGGPkytHX,$53484.70,76791,73323,48424,82605,56605,23180,21457,39797,92835,57735
OHREvbwiOCPeMNWULcbtsdJ,$35670.98,53579,24329,6093,6293,6969,92453,91659,32634,52596,24725
