hRvTSjlOOA,$38526.91,82874,89558,57961,96720,40845,54314,82981,20039,13427,78782
XuntbfoVXWG,$93931.59,49228,16351,43278,89223,14494,26152,45533,39108,89524,53030
aNMlMKFzEHEsddqjPcPQKl,$80285.77,99252,30714,8119,55529,50396,1441,28034,23366,41495,12726
DtSiAXBdARmPtdGfNtin,$80690.82,80447,59961,83679,21942,39339,98591,93122,8347,15006,34113
nyEnqrdjTjNHcwvpBGF,$86737.82,93415,58153,23837,53290,66400,5495,87303,87041,29109,68208
OkcrSVAHDCeysFFxFevjNzimDXikzcUOmWgf,$50334.79,36822,50961,25812,86012,39952,34198,28718,53748,66321,24614
qLhqNBfaXlFQsRm,$87946.82,37160,54646,39975,71258,83264,93624,4331,74531,27569,41576
vrjWwIUholahWCqfGvmkCXITdzDLNEFjvOgr,$50119.87,64337,9087,94671,6371,63058,79196,80117,66190,8417,22597
gXAabaEmNISWfhCw,$34350.76,1197,8790,31582,30907,87887,11700,96998,62956,34197,66344
jWfKWjWkSPGxXjTCm,$38015.75,61584,64233,33802,16223,42585,30800,45831,76682,63796,50038
dknztkjLAPjXYDAKtVKdcijdQScJYhMBra,$48582.99,61354,44705,61267,57164,16967,56413,91748,63321,19952,79226
ggBOIsILchspJJOJTzuqJtxRRgBaJfTpmveU,$27552.88,95203,89136,47101,66082,46115,4362,39374,22160,37330,40673
pVswWsFdLUOGyJTlqkFOoIW,$38346.82,56361,11329,52831,63686,20792,17802,96125,67929,99974,12280
ibACPhAYcLpLQEz,$71518.67,15874,49544,28704,27103,2375,59042,14547,86729,21919,82376
NLGomjeuKDVwsHNWhnxOIWyGNnIkdgJQS,$8299.97,24694,96461,16761,53832,11559,32683,22059,28587,68086,23562
HFonIiPsqQQipogAzM,$62859.80,92979,25645,36946,92314,47605,65433,60401,37819,62044,98760
PQrXgjpXAWMOCnNOkbPLRVk,$70400.83,8743,65325,72390,76322,53595,38678,59519,30016,34848,21925
fAqhoEWXFmJxiurwYHnFbnBlFucGDPIiryqFdnD,$64760.87,75228,78879,54208,31076,38188,3315,18502,39543,84298,11566
JhUqKKySBXjGAVJjUWpCDmFkRwUzBHsloMcYWAr,$24337.89,18336,69975,61114,5301,58989,19688,67394,60286,99022,27316
xvBYCtJQFLPC,$81771.99,32686,32804,89577,2661,93818,94778,28302,80158,28924,55241
baOwBnyuXpajEcvlEGTmpzjHWtvOttgT,$76691.69,47672,32136,27570,91858,17694,93958,40256,74608,82222,63663
vRNhiMPpjjkXceDWWzMRjBFOEufnKrh,$54962.83,46475,52719,36831,14810,12867,30792,92231,70714,48648,774
jQrWiaXOOCIuPtlwYTqllWMqMXGa,$79474.89,33098,61438,64725,99116,18983,81424,77791,65670,33492,9280
qceOwvzhRmxFJEFUfxOxgFYoTNLKmCs,$10935.93,39138,86989,77667,72442,74661,22626,54325,91333,61714,23730
MzdlnWaYILcANhxFipXPzcUOqF,$10508.99,77950,86088,42309,94988,59239,19502,33104,57128,58309,61502
WyMPNkICrMtYEq,$38164.99,28830,77783,98406,6780,63871,7468,68421,89763,93522,68177
qPinoUCBglfWxXvBOyfJWCaoygOigiE,$2105.99,26310,60774,28248,60507,47760,72465,38805,29581,56531,49165
jSpfxuFMwicLkWQtyEHwPjC,$64632.84,13263,27640,80931,30088,25623,46077,64218,11101,28224,96410
FmCswYjQxNXtdHWpbsKsdHsWy,$50461.88,53860,41753,81003,5661,48033,26769,58006,66921,87549,68582
OXFRFChguRyyAqvyYRksrvQeKiNyinJWlppq,$15970.99,38713,30794,80272,12787,65656,66501,28761,5486,73243,86388
SdbGBJULgFAvWSSSfHoPwzvJkThnI,$47268.65,85627,82013,79630,76287,93827,66908,88386,3148,87771,44343
YOTMEqmazVtGjcg,$50619.54,90975,57244,51055,67262,17823,17963,22400,20871,72387,66643
CtmpxcbyBWRiGuOWyx,$68505.71,72605,28395,97344,61657,49167,69731,94953,6485,95617,44552
shLtfoQWVxQkTOIozTxYktxvWXlTcTdTAoNF,$52362.98,34490,78034,18648,36054,51651,21203,42961,35840,36488,89124
FrXDcrFwTaWHNDKR,$41321.79,10596,53776,54125,20209,56268,90513,75985,71244,6382,39683
KKtQhMQfveIgVO,$79895.73,43288,78868,61888,30149,1888,19153,6135,39784,92087,45718
lUGcduSHPwPvREkGSPJRFKJpqdrceBp,$54446.74,8633,92741,17518,48778,84325,27660,7123,41382,98170,23619
uBrMGcwVtANUepk,$10916.93,42660,68183,22751,25941,89971,28192,16905,91680,56585,730
HWhFRJmiORBfFOwkoUrkpqhxKiUod,$62509.89,22797,75972,13278,32841,88549,21300,69212,15003,54084,55531
RgmgbdQqSXNDgisjNQuqwMkmPmPl,$87405.99,7938,99502,362,62936,27831,94941,94481,62287,19601,58729
zjRRRFinVEzFqOShbjGormNgSPlpkozJWQb,$3765.98,15079,23901,39733,82213,81138,1325,1877,3165,72210,69856
zxdIHHKxgKInvGnFOqMzyfjtLkrjcwn,$13478.94,79270,4938,35530,79996,35806,17536,48489,86333,70522,55639
cVTCTYlnLU,$776.00,2969,98192,40478,74162,32893,72186,14389,47490,39701,38704
nKBjcWawmPbpQBwm,$77587.90,15699,31815,88862,56513,64608,61048,37554,78750,749,76158
egIMjGmfSBgisifFHKWesSiasaAxPWEtdNGLu,$56427.94,59466,87099,3385,9173,49145,96423,60251,90573,23184,59812
jadbzEXObDIDrpqliGXDeTRjukwfbo,$59327.58,2562,73438,75977,50191,13241,7037,75600,23358,80849,82041
nHsmKWFcgA,$71490.95,91787,39481,39583,52833,75517,8797,26271,18246,25640,6165
ChebSsIleuiJVOkjRQwIFtMHADbQvLSXswal,$56043.00,82542,41238,42273,8299,32148,28916,40643,47983,60066,65127
TJyGQaJrQfdjevFDGULdnOiP,$51772.88,66980,91699,13877,48379,60177,78488,65535,783,24010,77966
ADXeydHFxT,$12656.98,99987,53348,83470,11663,21902,20057,91295,73800,76530,8192
