IiLUizWgAOz,$17702.94,39173,45347,88469,92170,61427,61089,4267,60319,73325,80490
YKjHsVcBUYHUOGErCxdSwDQUucPyfzVeJEldaoe,$22738.89,49565,62136,5354,29859,67986,45636,10473,55708,16029,30160
DiTfXRkWNNHsaktooNbz,$16859.90,15425,28850,36941,24094,12081,64831,15539,83332,52651,36903
ENIEXBsmPultXc,$65355.88,51180,8689,2416,66506,4191,6009,90500,16172,70740,72692
HkHnXrrvskhiEsccutVhaIrJmCfBtjSctBOQ,$24627.91,79259,51212,19364,49635,91290,14804,4221,92009,76059,93877
obDyMgDNzmHBfIqV,$76875.58,9528,37763,48919,818,52467,53040,59479,95178,46917,59125
WGakmDXlPfnUndqNaXznydUkCybpvDQRk,$26552.86,29796,24924,72224,62551,31374,11500,78980,43615,86052,46673
kfUROamTtko,$53226.88,36109,11935,78120,1401,70661,74568,26225,42885,37120,24251
YxTIsfnnwdoIwhtK,$51462.76,82980,80910,24403,51033,51571,65624,77158,61108,69396,1409
qFRyxwMlSpzbLGuVPVpgSgnOWYQNqxlgdC,$77247.49,62482,90860,3590,73710,68525,75765,46826,73124,94910,88917
bJbqgzGuQefwiHBjFTvwbGNtXAjgJmSkWTAd,$6858.95,25967,90608,4546,5512,17136,37181,98228,99663,76950,62050
hdwKCuMcAvmtW,$30372.84,99101,30744,42958,61152,59998,94911,91957,61791,14757,66891
lLMgxgCDqTESAGlHWVTT,$79979.40,82147,73001,78168,10690,87659,45059,96523,51227,48604,58926
ONEReXVwzDhGaeATNxucpIxzTCuqSCsH,$28908.91,18207,86266,21710,80964,70087,22438,13044,79709,14671,80156
YnrOvOoprifJKxsATRuONminkILmkf,$5173.98,78905,39375,67066,90770,75929,40329,28762,75207,97648,55909
brYPgKySUGEhqkIYdBWriHVgcgOf,$30743.74,34356,59335,98656,85231,68023,56692,6813,11776,9362,80125
FyVGUoPDkVfqkkDzutFDXRWbwmkfjJYOHUv,$18333.99,77955,26580,42309,96160,96827,22622,46014,6594,25234,30124
RfjDOOMyNBgixjRiPlOBUhyIWoptjtgAXPeMEr,$90487.53,8964,98255,58452,84024,12387,9475,7260,74975,43844,83172
TQgrgVKOOQO,$8844.97,28255,83220,98631,3281,64562,65512,4249,24918,18298,82175
JQlmtoOnSjengjBAIhAyrWariRfhP,$18261.93,58342,38362,37945,63572,37929,16132,7302,31353,62109,30903
NPFuQfMNEeVwICm,$37414.79,77304,90183,32434,82318,94781,62658,86900,10913,69861,18253
YQhPxbGcNuGrPCbsowAAUc,$39145.86,83122,75576,56814,1375,15251,24230,48558,47377,75101,98190
dfDWLuMNvEcrgDmHCdqbyejolrUYN,$55428.78,85626,12905,7871,59406,7548,84482,84302,38790,40992,34507
sKpILnnvBymVX,$79863.98,9214,56882,54566,83525,42508,34123,91296,1914,8323,42530
WxYjPjXYVlmQnkdjiCDuTaXYLofXlQpioOQEXOD,$30125.93,31107,12995,91603,31817,99008,90181,8393,75252,43326,1898
qNjbEYJtNAXlPBfqQODQCzzsaD,$74520.56,14071,68988,65134,670,83514,24423,81152,71532,26018,39141
GtswuxmlLpCoOcgOfiokSzfr,$35099.77,71707,27548,44280,26324,28847,9588,82073,34025,74471,29337
eKRdqJxRelYuFnERWkBtAweTgEoWTOVXanAqWyi,$66548.97,66010,44395,43258,39707,72248,27600,78213,13245,83549,44267
DKushohCLhPLWnkfNTMjIGJPXtxIecyhMS,$67703.96,94431,99872,16584,72254,86103,41579,61189,61610,25666,22377
dvRkEhHYFrCh,$50971.89,40641,96447,53152,40513,79683,92058,26616,21262,53248,54878
ghlbyUGFDfKuHRJQLRbyg,$20898.96,22622,2875,75597,42522,24406,55830,84699,85187,65089,62728
CJEFOqaViJNubosGGAsedoRYiOAIwDHyNmf,$2701.00,36420,91837,72676,30741,69714,69268,12745,70113,2140,36999
KRztoDAMQNrSpWraLdEbecXKzNwAQzYCrzvf,$42653.96,23660,95145,55790,5590,96986,39713,31943,84417,26709,50134
WgfSgVRfyIeuNGrfzbomaUqamWfgjKxFQCX,$4729.98,48656,2191,17143,94252,56826,23513,49280,10113,1724,68046
FYjaOJnMoSvYP,$97080.84,89922,84709,30866,92013,1852,25119,15591,91917,41051,25604
vuSUeTJNhwBzrApRqhqeweSJPoMMWzB,$85050.98,44457,92056,95775,59776,41775,94284,10033,80533,64205,75653
EdPuhMYAVo,$55424.93,55129,14287,74563,22020,63292,13690,33129,55349,76117,59558
JwbVjJaMautMStIiIQkTznybkqavFkCPhd,$60627.65,45512,71524,95621,90121,28483,47958,71561,75614,12089,94228
rsXeQYNGYknJmCQpNGBYJoegMdwu,$69621.77,99598,43510,92829,20616,72754,20992,39125,85908,78836,97996
qbofOvgNEuSKHVhcGCUHQlNVAHH,$82563.94,15974,24571,82642,89460,84157,6817,36414,22199,67855,13509
zSqgUlNLwBHWjPluw,$85421.95,10565,46774,18360,99925,30932,91730,36340,19783,59585,16501
NAaTwlIiHJqeTFpNBNKf,$96407.55,65407,33403,48164,38807,75415,61886,35484,17867,28352,70699
xHjBborOPEYuRLAaLRgiytnS,$24304.90,51890,42215,54208,96108,88399,64231,49187,28144,77773,99728
VmsWXJCgHvuAcNiTxMefyxOKEolbTmSpXlLW,$62825.93,62536,26440,72475,77802,57628,90968,54810,40646,79623,30755
MVHBgMQsNkeGzdrLzMzcpJzsvjEb,$2340.00,40720,91622,85478,36174,87516,73413,19686,57305,7722,605
JRdqWJMtetUfz,$39576.99,62796,86669,59237,82382,43974,66860,49640,48058,30239,22959
fiAsCELWjlwgcXikFETRmArMDwFQmQirzIjBMU,$56987.80,79347,36928,93121,8850,75161,7878,71846,40116,88339,54015
miMQeshqkpijxrkJMiFsdHbVRtT,$99468.79,69400,17218,50692,36076,54110,21571,61971,62813,8388,1699
fdmpNyXSRbaswRLqXQAfjsYRpK,$99156.36,99978,5491,79771,49015,14175,89761,69896,97291,86117,48715
XsWqDnNToSeGrvVdDXkRU,$87857.56,18704,93250,67707,15995,46119,16422,83686,51786,94816,18011
