nDkomiEFIInGNDSvOGAncoydQwaVvET,$78065.66,1820,60587,57349,94846,98688,5616,57212,69563,14294,1901
uTgAuSCIQfAMgViKPrsunMgOoBaBcx,$51474.76,23078,98568,14716,80758,13383,83943,90365,63471,26460,59037
VnzjagYNHyPJviGnhdXzcRIHLErbjmhfz,$60562.79,60732,91392,4848,93791,39805,64542,71358,94447,54109,71904
bWVfNWpaeuzKIYwwmQ,$14435.93,65037,8832,2137,79446,67024,21997,93851,80095,13683,71723
rIbrSKqpGCgpRaeRemLVNWBYkf,$24818.86,9424,37499,2985,38172,74920,34281,11144,52563,31578,318
QOhuHlGtGuqjSaoyBKIkX,$90479.91,29021,11090,52165,81484,9320,52384,82537,77487,93861,63761
sLiLsCCbwcpuezdNyeicPXABNWtvjTVB,$18156.96,71461,84332,2838,52287,61046,41368,9086,90045,62435,43272
iuWnYkKFaJIRxfM,$73896.92,65361,48601,17682,16445,18091,36621,77392,26111,45607,67437
HJxdGlcRVHrfPjcUwoBtLmIyrozQWNgFxeieO,$9504.99,82169,43657,5714,31554,49164,58350,91930,93498,13996,98527
quphIOXgCELaitDWDzhUMwBI,$84156.91,75190,88136,61708,78384,39528,51165,7719,46463,34827,7139
xrgIQocuKftRzgobpCeQVleGiLGmdvOaMUiD,$49733.99,60023,50193,67350,45081,51078,2518,34638,33655,11826,54028
fGfotLaVGOwSkEwT,$87975.68,52379,27414,49683,97360,78393,52101,98651,78700,30579,19431
HGIVzUVvBlrvvWrOL,$27906.96,29563,27505,13509,26794,46836,83588,99847,34698,48049,52545
RsDSdUNyrFndQptOSbvXRyIKaVKjshqJYT,$17024.91,81071,1804,3075,21051,48811,21465,11272,62417,41206,49441
VBXPEzEUamsMwGPajleGEAChHXFADVYYWxoBWTx,$19200.97,21683,3481,65355,39165,36194,26342,4790,328,35053,72020
wokBoNxomvlBwHvtfBIpDeoFHYlsoREKhPLvdjj,$29731.94,68474,43613,84751,73200,86857,82009,12016,61568,831,6699
BGDLWiFoJHBePpHLGqWdGhlOfKcNrF,$69185.73,53060,47080,23131,68003,80044,32464,28454,77657,72500,58790
PTVFqzmXkACUdQmIyEUkJfDT,$89926.38,10502,87090,9974,51909,81725,57819,94933,38805,77767,12874
tyufHSJCDSH,$13106.98,7262,35702,61628,89790,46104,15470,99664,64665,97095,57483
iHgLbfgFmy,$39740.74,22767,41974,20060,6357,49136,55662,34637,38927,68418,50007
VwJGermpSrU,$21509.89,92301,99531,62826,76674,52779,85493,18648,39491,58502,34437
YyjoxfkhLOYye,$39487.97,86833,88076,58235,48639,47867,98151,78762,57565,43411,75373
wbuUzYMPXDjQivFkW,$83841.63,34784,14005,8710,82551,12156,54124,40116,55467,29497,87785
yPNxobnLeVCLQiv,$4007.99,73772,97240,96750,40000,90539,56550,4694,57075,62958,25058
GbKohwligDcNKjTGsMMebWch,$32411.95,66112,49335,42773,42513,32147,49329,45830,53951,15186,42770
cBceXelmXmALQvhVbPiDJ,$60891.81,51205,70929,80601,87304,24053,69662,47578,33832,72419,88960
CsRSnyOpoWsxYefWLUBkzdlgGp,$20279.99,61649,4941,21406,8046,94404,89237,79242,70755,15576,84862
jDwkovnzBToLiTNccgMdnxtIuhwqtO,$67444.78,57868,32041,58886,13664,57546,56458,88509,72436,25711,30335
NJfPQStDPMMktjbMYsPrFDyoe,$18774.99,8551,51548,22101,58198,21564,88836,33742,59713,47360,62736
wbPUtFmYIkM,$76865.51,37642,99530,82616,32597,5136,91067,50797,27138,16018,72262
mjXmLunBPgGBfpMsCBfoOndPBYTmVtxICvUN,$19076.94,9167,42426,56700,72514,97641,3158,17514,74784,52372,99955
FbgEutbNqjPmDDCmticQOVdJIrfauPEzqkDkd,$29630.98,22974,45935,29304,39254,44541,43990,85577,37968,36116,41067
DOJUTjOknoa,$56426.98,55655,37324,77522,5263,26950,90109,1219,66104,34650,45109
lagmDUwYpfNYtCYrUJsQS,$96797.71,44469,35184,25153,62802,74355,39683,22203,20595,5808,17229
erGRPzToQoYjgRxGhNJkorlOkMwORXqVpWn,$14087.96,46611,35664,4990,17198,63490,20904,62040,30999,58922,60881
DYlsVyWRgqEDhbFQ,$32628.84,84921,78840,9425,43844,39722,80193,57913,6700,66141,87080
KGHRWnUfoav,$36614.92,61765,49208,95638,41958,7122,68991,74751,60854,58132,94381
NYGATlOtgWjGhHMoWHdxqe,$35201.74,43849,45064,55989,65192,43694,17243,50312,1221,10959,68560
pgPYmWgYmdHpaxStWPCSoRwWUyLyT,$70882.76,61533,21676,68030,84826,82059,65039,39010,63786,28434,42923
rHxLfnoxCGuYbslz,$84541.70,89279,94260,20430,57309,45838,2489,89000,84748,32927,84086
tBNQMsEBqGHK,$5620.98,86833,66971,49524,57851,53899,83767,39747,51920,40958,2773
GvleiMwYgojUudquyzKH,$88783.56,60023,26150,89855,99670,44722,30813,69095,32372,98869,30594
tfjpeODMkyqASOadwAIoTpWPCEQpTNlMSvdxJG,$91424.89,80154,88059,34899,26092,9567,74357,7450,69878,53251,48730
wEbBVPvjbjCVLzGRjaxkv,$7471.98,81994,91479,16209,35349,98812,19234,13258,20442,48247,48771
WQvWofRkeHFPR,$71329.39,6029,55881,41114,54676,14112,57223,56677,79576,76358,36587
SjgPacmphfYLMeBEnC,$74308.87,63006,18690,58751,43770,42566,82080,89999,85576,18667,56669
RAGSCSHjXGUKKVPxXMWjGmLXIlWhurXnr,$23116.96,75128,16097,57478,38110,70133,12888,83073,14267,53774,13456
xfRBKlXxotQlaTevUVEtwSD,$39618.90,91461,69364,79528,4917,50987,17773,19133,1042,79850,53826
RLjlculVzhrvlkSe,$60019.45,12306,334,98751,29945,84659,17884,97539,31262,38363,30586
MjupeglDncyynQCbSn,$16453.97,76586,32724,24037,7295,37659,73796,19888,36679,11401,60680
