DUQgLqLcHCD,$15201.97,4230,32558,66001,10918,13788,52108,61453,29353,27909,79357
tcBYNrKpYNSKhIqDzbDLXwPtYiKsXRcQtdQH,$5025.99,46557,25175,76511,69662,65436,90937,96897,5006,38117,1803
HWqgOSwiVMpqpMjeCMAbGzyBd,$93376.84,23639,68483,91714,87840,15465,13608,25742,8793,83613,50263
WtdGXFtygbXecB,$20818.92,30878,35849,49999,22592,23689,32116,2852,16083,40810,86366
rnsuTqzNofoMjqoVNsOrxxaVBaEvb,$56314.61,76490,81504,1084,3896,8105,91166,79569,11309,34972,2507
AvtwILlzjJzfKakgAfBtnPfqTRgMi,$66934.73,63516,89665,96206,35923,52472,24387,75120,10418,36804,3798
NvPNbrhoGnEbEln,$87618.86,44577,26047,31913,80401,45171,56200,22273,55489,59656,25971
FCpuDgBrNowoSHBFDHbfaAvO,$33619.92,39464,64870,32551,56499,39293,42585,63911,24755,73664,37560
jkCCREiULIaLjvaaukhnBMmuHEriYf,$63105.78,62029,82479,94671,27193,87517,92942,87980,85556,35479,37289
ClqmRenEPiLTYTTeQctQMzTfAJg,$49731.95,4074,42093,59766,62662,32156,62813,58063,99109,9074,62874
vCuztVsJIReNsNttajPokCpCTDaaaiAv,$76182.76,96386,96221,79787,6363,21823,51750,4300,54770,40943,65358
YhJbbnABMjBiTWCXMOmmS,$44567.93,54945,84528,36486,9716,92123,68496,74017,92885,3757,74467
rhSStcTBvqDTeRgPKjnYTqckikuXzoPQUIjo,$55561.96,31671,403,14757,85189,13941,76238,9056,13817,30338,65946
tHQvrzfLxEanVuvEIfiXKdq,$14246.90,6090,90508,35032,14953,49357,33227,8885,77215,41788,41209
orBmBEclgcYTwAjkJoSkuGwxyH,$93151.26,46541,82968,95637,25590,63991,20002,74049,39842,41647,43961
QCMndvWmJPwDVsA,$46314.87,34304,46774,4322,96593,39016,68214,83247,79718,74708,24894
bHfnUHIRURhrVCkwxJkeXYsmdNpbVgD,$65560.88,83432,55495,80748,88495,75465,34111,10317,30761,76253,63641
MCJwMNTlFh,$39224.73,70578,59306,89736,8280,45383,80846,47048,95467,36342,94449
ccXKEDWQFGotUHeaotTkJI,$71627.41,56195,34994,58692,92437,29443,9407,37648,24655,70239,46769
FMSmTGfOpjODdiomrAomdscGnFlKH,$6551.97,29543,39598,47264,17852,67569,97033,75254,14866,99678,57881
utdLTsxxkYeXFOIn,$45517.78,4796,47992,55328,68481,89898,70095,68159,47780,74593,62366
oakgxHPWlNCzVpPQrusRhFyQwsmsdAHQBRWyzNv,$60455.69,22616,4873,22179,63645,52335,11314,34915,54308,5144,54078
TIMFbqgIhhbfGAsBltaVQnVgRQLoTXJNGwShMy,$81464.63,37457,98048,39370,48083,53072,83347,18359,23683,32897,45764
AUislThfsQs,$74675.95,42014,95038,33773,49790,99147,98473,89060,13982,18297,39159
VehXeBgWNAeSSuLRhwyhGU,$91925.80,51947,61645,14493,77676,68205,79873,97240,97464,10581,71505
bRaszWrGDmjbwezmlOKNiqogyvaTDyIeP,$28937.86,13152,12347,74553,36671,14054,79825,78788,10811,32839,98582
RNDVLLabTWralNJMttjC,$30803.94,57843,62083,14265,23625,11204,52263,99326,15517,1612,37286
noonzcwLUPvxtnUvybfuCCYWMhMjAegNR,$5916.97,97382,75345,14736,69364,62117,82705,99081,77473,58737,38946
JoxstHHwbyXgjmUAtEh,$38397.96,76951,19794,58522,2440,25392,57233,46672,34942,30898,2180
FepGcNnmaHmSMuPhHVYNcdHVNhanfwgKaVQd,$5084.97,72367,47466,72121,3656,73240,41613,65486,47785,62619,70809
USkaeTnMPSfIlVxsLJuBMnvehBaAKlfFeOg,$35584.91,17978,76993,24430,66732,528,82539,62132,18382,79767,71651
hgIhHSRMXvBeeKya,$88603.91,76130,67377,52827,560,34109,53255,49752,62894,38289,29519
WysfFaXWmvSOAWz,$17980.88,40837,70530,7987,41599,90438,57639,71145,28727,53810,5690
JMrONpMalFoLcoK,$60902.74,75818,17103,84524,4545,70813,56866,13123,67999,84715,41394
NCSnNXCzzqky,$8874.96,9725,21175,81656,47191,77942,94679,15190,62657,36074,3822
xPjKNlkoBTMq,$75795.98,79419,24856,30391,82722,35315,40016,3898,83624,53859,48492
KhLHCIyLtLxdayWnOUUvnpWhnPXxJwpTD,$83398.70,86121,94580,82598,38001,37636,82540,12782,70708,86902,33634
USwkruTNjNRjPxSp,$50767.84,96404,25180,9848,79003,29833,47384,61543,9267,18092,15197
ONKLXcFSPoghx,$34843.94,11050,59843,41224,20798,5598,70957,34835,67041,80125,52827
RGtCRQExJUlqcilhYwCL,$61738.98,4246,26404,28845,51023,79132,44387,7353,45240,30085,76898
TXHesSuvbF,$12349.99,36676,36121,16850,7574,62426,45595,58497,41558,89882,65750
qrDKPKOiDjdeogeQkQCQ,$29525.79,3440,16785,82193,35842,70135,68813,45143,69949,37652,58937
VjxEMbsSgkdWmtbJ,$96792.55,4351,15783,6138,40093,52570,41603,85136,22519,45907,44073
EbNInPcgvLIRXdsiLhDMRmSwa,$29965.96,13054,61742,89289,91109,69088,63793,46240,80147,92101,69987
NFhfEJxMUEPHVca,$24373.99,87717,99651,34817,16212,88940,92578,85200,19485,38818,65348
XEWdlcHUzTpDkWzLxsoSWotGDDvUhCffGcHs,$3425.98,53772,98248,89354,75638,80960,72868,9091,5882,92828,58898
btWNWHqfbQnGNMBDkKNOxbNEVqrUYgczzaM,$66600.99,3011,63611,8713,40581,51548,15296,81247,77765,73070,43019
XAoCVetQCzsc,$22275.99,75529,75441,95899,53294,15263,5670,61868,66531,75261,23954
CrHSuhmwGElBeEXLRjHNUTUthCQsjeFmVMf,$37435.75,10726,22505,11255,76474,88365,87369,46829,48043,15215,91256
SIdMDwtFNlPRqc,$16185.96,42931,7753,19182,93266,98599,85776,32184,2185,97717,98302
