yeUewKMDhTNgSGSSFXIrNnrFbP,$13720.95,19485,50649,9118,39168,36489,20873,50632,9488,17428,29922
EWoVcplkRIRre,$11760.97,77812,77586,83884,86831,83407,20373,74356,34039,96413,58436
twHIRjxdtqLLhqPrUCGMb,$69438.52,33154,98957,38750,29568,57394,69263,87566,31062,24360,5788
EdPySckzsaQMCXadF,$12574.99,213,21578,21521,37230,17821,23608,55481,36465,88724,8720
LglLjQxmvT,$28678.79,92332,28554,17615,31791,53638,81907,98556,75117,3429,2538
dHQclenrpy,$26135.88,86626,50053,61267,70894,48496,14906,52801,13804,56675,22882
JIhaKsDXJSwkXRxyGFBQPcqfPjnnYRnJAU,$16130.95,31305,21158,8590,2179,39257,86269,34220,61499,45792,14572
kSkXCLSMwgaFdGkk,$41857.77,30984,74987,44569,6226,43818,83727,92395,44690,11978,4939
wlbgjdrcPoHpTlWDviKlxujSXiVLLwSH,$81174.55,16655,41585,85318,54613,60356,78855,2666,96921,77694,27376
sGHCrgXAyvjvh,$99670.23,63516,17958,98898,83710,34513,7235,35780,55778,34244,14636
jhRIYXqCpVAPvvYqduHDXGXP,$21072.93,98460,28020,49957,29625,53655,68982,66827,73112,7268,69289
naPeULClOWSsu,$7321.99,52096,41751,61990,85425,68933,77195,15132,49771,61383,78217
ECVxzhTREsuqOPTFkpGzqfl,$99993.78,39227,17509,53996,17445,87782,40140,28037,25061,30644,31429
xDnQYdfOXKzMryCVKvEoAhQJmXUMchualhqJ,$26703.99,9564,11009,43760,32383,88288,52823,3967,23110,96276,68064
gmcRkXeMEzmPgCzQXyYEVT,$82773.94,79373,53170,9200,42401,87886,39564,99539,40796,61224,38927
CYEhXQxEtWvsU,$86054.44,19877,61645,64862,62178,16283,4426,28470,23731,32302,34049
zqLHOdftwBOOWJmozmXgKiVEOoBcLtjlkvs,$84917.46,27500,78975,3877,27762,78167,62045,68428,52585,75975,28972
RxfFYhrSQdCLvbJtSeR,$6637.00,71786,47338,26815,27087,2105,78466,1287,6643,14714,51266
zYTckqdTjVXbuMolwmQortzNm,$55608.88,74986,28029,88856,52684,2286,85657,69172,11543,23592,28326
WKvODUcQBPCQMgeH,$99676.54,37198,48782,1544,89783,50968,53853,58955,29163,44098,53933
touiSOJJqALGnSLuWFHoRuCsDOCWLgwf,$26280.87,96284,57814,24184,13754,56165,71047,56093,83380,72010,11120
HPELeGIPNfvIvIwAgSVeBYODnuBhIotqE,$1197.00,74800,92611,25577,56332,37134,53186,46216,96603,1149,35290
CmjeqtzLirk,$62315.68,45963,59618,61073,11140,59817,54729,85840,19180,80207,8924
TaAcONeAxjRQiDzY,$40799.75,54465,36960,86176,9194,89453,5356,56053,65029,94875,56099
bLKPQlMadDHHCGUhucOMzn,$5911.98,1873,75878,90412,10075,39568,86397,44916,29078,8842,974
sMjkXCctQvBQDYBYxpXclYocHvuFOL,$34495.93,66342,51683,67776,54386,71107,50652,44203,66409,23941,10747
aHBOSSvQSnnvHepwUYOL,$27470.88,59504,18490,12379,9783,7249,44059,95042,41646,95093,32843
TsPPztfVoDLANRzzNpwXJhDDYlmJmQm,$39015.80,67230,89669,27875,30216,69083,73981,81698,65732,62690,73459
sUXpSIwwmVhYFT,$77776.95,29220,14170,93245,85541,8697,23461,54625,82578,5160,87009
gNNbmdtUYpGUVfBPuSqR,$76916.80,89249,17780,45368,10626,67011,50428,97536,45683,62351,65341
mBxFVWudRqiShdmWUyKSxuauGgVOrljD,$97383.85,38782,34778,52054,17648,53726,2338,1882,42072,93761,14378
zIlWCKQkqMyHyHlLOTuswhOQB,$74064.86,655,78594,91669,22895,14551,89507,96267,89824,38222,64747
EEImdPXofrJxOqmfRPVqulhXHJzHx,$20664.89,64043,87513,26162,84970,23322,14581,91746,37264,73296,36427
evSuQDcomlntIelkAlYzBkMwnkqFWV,$27182.97,14116,43567,13006,88226,85480,32213,52751,95622,87316,45709
pcCOemBAALqgJmJlegHlFGisQSXJH,$12061.94,4824,33805,90838,36517,70823,24096,82227,18161,36913,82915
NuIvIVRyMdtPPNtOXCxvwQWUskzzf,$13655.97,53858,23744,81590,60585,3491,63428,1823,24680,86831,16140
NdAKzwcVQuFrTKnRdfyQeBVCPeTUdyRQCsbB,$32109.88,27714,30216,25245,54290,56276,90321,29820,23856,72013,90459
IuJFwzjQumpnCrFESUhQBFTYWiJGaaOj,$54314.75,62547,8552,76802,9632,25363,16978,60699,44805,80400,43783
hyXIeRHAzrharWjlUWcTuINEFTRugic,$71740.60,41844,53428,84866,81232,14666,91248,13888,93851,61522,75644
RuOLmjSUKFBkcmbfWQ,$29526.82,12496,31944,28491,40670,7588,10079,82572,54519,4668,21932
pnuzTvJVHkbfBBTjoXOy,$66724.73,83078,37610,13367,4350,8931,35199,4540,99198,74051,59575
OKFktqKyRmRAapOXAg,$91306.90,78409,41700,23105,87240,76800,94197,53190,50851,53772,79200
gJOYazxrmORmfGlfmqIBwWlI,$75626.95,49152,50873,83629,3120,71713,46832,10559,94634,81689,58265
OdMAHTlMgCvhySSHlJyvUS,$32869.96,50410,10025,24887,19826,15235,23075,41310,77338,33143,12600
QjRpBKwMuUHPOrCMCfoqv,$27538.99,71585,65289,52753,33516,30450,42885,31270,29586,45586,94635
iHawyCjAhxQdK,$50865.70,9087,37995,48533,39437,80780,79703,35675,26367,74338,93810
LcTJeCkmaApk,$56370.87,9393,87743,74894,24410,63482,12889,72843,69571,60322,52546
EYVcKXvvdXfOxGDIpJAcWCbRcN,$89108.52,93342,71520,90149,86879,37229,2444,59419,62040,94793,22286
BKIYrLhhwI,$94898.57,67963,30133,69838,8859,29754,6746,68854,1274,96795,55733
QcaUHtwtCUkodrKLADwlOJJFB,$89272.65,34013,85354,52555,15817,52450,13239,86460,19890,91778,60998
