KiHASYbycTbYhNSPhvOSn,$87471.66,66947,55879,34528,7675,55887
kQJISEKrlyK,$31922.97,73938,69438,80082,31222,57962
RfmJwvTnfDFjNXTLiuqoJphzHTzocuSTYEdw,$2346.99,542,29012,83196,10414,78037
KIThjlTWzvMxu,$31754.94,44620,74630,60080,11814,70294
dUxNDruNcokBKwzfPfcfeQjfTMjUpEkRaIfD,$41274.86,6209,77788,21670,96611,9112
PNbKegVVge,$92443.98,63435,74576,56171,7975,62898
GYLvaWYFsULwwVzXwFpxoEwayjU,$37656.95,28654,38537,31720,18685,78295
GnqEJvtiJXeJVoeTcfMxfsNgtCm,$56620.75,51158,52258,74639,44311,23245
cLgeRTCWLPCESosgSwzlp,$16536.99,49865,7310,169,70628,16915
sLdIOIBdAhVWgGndTRsPTXaFPLCnB,$44160.80,9018,65937,71493,53122,69684
mioJHTYSVnunSOqBRIT,$65596.68,89524,48478,57611,44277,15475
mpBFouBBPOuEFWWoqsscA,$22781.92,86133,8842,37893,35154,91510
pVgUsCIiVAkVNoTVvLrBH,$47950.75,76161,82720,51263,19712,99493
KQqlAmaohvKsMmztGRRzJBseNatFCbanrrYS,$64985.83,65809,28619,95781,67192,67908
GidanFbnttesLiqsrkKTQp,$32901.90,99544,2171,61951,3483,74978
MpQQhcyxvQiFkYuEQTsB,$53393.92,72219,72665,38145,56472,69274
sBqIjVSjPyzJqbOAhihyRl,$63815.98,33997,40581,43984,71569,3925
SBfsmwTAwAIdYBonzbfuGrSGwTx,$60606.79,19155,1027,1721,69502,70059
RHihVhHAcosUvOOSYsBPOmmEjEnhtxomfVSAda,$70853.73,95481,84869,33075,13007,68302
rJbAoOhImUuQQnRunSYcMzL,$5541.96,6260,45448,70180,74017,28085
VybiYMCNcD,$75003.82,44327,58496,5042,88937,9565
GpcRsbrpzRxXEALgeVb,$58813.91,92534,46302,7856,74912,26080
rfSGfKDdOepv,$62064.85,18279,55860,22726,31233,63616
MJOscvxmyABD,$26769.94,11420,47010,90667,67180,69636
hHYrwrtrOgPPHSfEEgWFsuINQ,$69734.80,55585,31951,11834,92365,24937
MgtcNMGRrnOwFIfSaNRTV,$1979.99,90705,62104,99442,63936,58568
tWThUEgyfLqDdveviixIQD,$83901.98,73285,22128,91842,78640,70102
ugXYRNCUjhPQpMahrQ,$52053.83,7472,7890,11838,31653,97760
BqnELWLbNboNifeaeEqbeNt,$78145.62,42069,94957,29663,39298,19174
poYDdHIhHmMxnq,$32836.94,35575,28373,86866,31890,67571
gTBgWEngluRxR,$75997.79,87099,68529,95909,12356,70756
PQHdXbEDxIQDTlwsCcGFoGIKI,$24802.87,64395,91573,10044,21716,64610
jXfbAGHFUoNfwSBsbfsAAyctgiPLwCufaa,$42827.76,77679,13259,35266,6345,14546
phqjnyyyVBTbBTiCavHcxBJwOsNdhwRWDiFRHe,$4638.00,42001,33574,85876,85125,25277
pBiiOlOKdLpKQGsVwvbGAIJ,$84744.91,11968,22971,93041,99905,36597
YRPJJwCftXgaXpjlhxfr,$55280.99,32091,39677,37590,49128,38109
JjdIyMtfkyxADrYk,$61272.75,8441,55017,14026,12684,70797
fDJILHvfMfeJFHBeryTxwFAuFSceUVfz,$39620.81,3210,34103,41995,95598,28675
MQORrkyJLceIGEiUMtqrkyafroHlhbDtrS,$64427.92,81105,88166,96725,33843,1757
gichoSvvEcWHvoagxCPR,$8250.98,2744,87224,59983,77016,80985
ncPjgrgOmuOsSRHkJIYxbQq,$35621.97,83104,48273,17863,61292,7433
XDJQVBygKhEHivyosFBDmYIhyeJDPty,$403.00,9678,9825,36411,87012,97909
wTHMjckeMlyMheCIDl,$79457.52,30424,51799,80128,54917,58697
ShCWTNvGuYJdcUsottWhjqbSYRPfBUWvcaRvN,$84712.81,67519,69894,87821,45918,47023
GPHYPzpuBkswMsNiFBkNowadCeFcBgIHvQHlPWG,$80487.44,16499,79937,47570,84691,69777
TLoaOpFxWbNEnEbtv,$31558.93,84837,43618,65601,97316,87842
GyxImBvqDo,$43060.90,44822,80297,47472,49801,31887
kHwJOUhxGJsXMGkyLGlXOdMLmOrUoxQX,$33824.87,19894,5695,22414,39754,71794
jbcuYqyMdkbTFOrwMVjUQqJheHrqsGLbIOvh,$26536.88,6333,80909,69214,58448,27954
BMiIDybKKc,$70204.73,9919,12894,78154,2187,90280
